0 2.15099e-06 8.13123e-08 5.02424e-08 0.0164761 -0.00433014 0.00211884
2 -8202.9 -254.281 -211.14 -6.83292e+06 -167807 -191283
4 -16630.7 -461.257 -447.072 -6.83292e+06 -167807 -191283
6 -25058.6 -668.234 -683.003 -6.83292e+06 -167807 -191283
8 -33486.4 -875.211 -918.935 -6.83292e+06 -167807 -191283
10 -41914.3 -1082.19 -1154.87 -6.83292e+06 -167807 -191283
12 -50342.1 -1289.16 -1390.8 -6.83292e+06 -167807 -191283
14 -58770 -1496.14 -1626.73 -6.83292e+06 -167807 -191283
16 -67197.8 -1703.12 -1862.66 -6.83292e+06 -167807 -191283
18 -75625.6 -1910.09 -2098.59 -6.83292e+06 -167807 -191283
20 -84053.5 -2117.07 -2334.53 -6.83292e+06 -167807 -191283
22 -92481.3 -2324.05 -2570.46 -6.83292e+06 -167807 -191283
24 -100909 -2531.02 -2806.39 -6.83292e+06 -167807 -191283
26 -109337 -2738 -3042.32 -6.83292e+06 -167807 -191283
28 -117765 -2944.98 -3278.25 -6.83292e+06 -167807 -191283
30 -126193 -3151.95 -3514.18 -6.83292e+06 -167807 -191283
32 -134621 -3358.93 -3750.12 -6.83292e+06 -167807 -191283
34 -143048 -3565.91 -3986.05 -6.83292e+06 -167807 -191283
36 -151476 -3772.88 -4221.98 -6.83292e+06 -167807 -191283
38 -159904 -3979.86 -4457.91 -6.83292e+06 -167807 -191283
40 -168332 -4186.84 -4693.84 -6.83292e+06 -167807 -191283
42 -176760 -4393.81 -4929.78 -6.83292e+06 -167807 -191283
44 -185188 -4600.79 -5165.71 -6.83292e+06 -167807 -191283
46 -193615 -4807.77 -5401.64 -6.83292e+06 -167807 -191283
48 -202043 -5014.74 -5637.57 -6.83292e+06 -167807 -191283
50 -210471 -5221.72 -5873.5 -6.83292e+06 -167807 -191283
52 -218899 -5428.7 -6109.43 -6.83292e+06 -167807 -191283
54 -227327 -5635.67 -6345.37 -6.83292e+06 -167807 -191283
56 -235755 -5842.65 -6581.3 -6.83292e+06 -167807 -191283
58 -244183 -6049.63 -6817.23 -6.83292e+06 -167807 -191283
60 -252610 -6256.6 -7053.16 -6.83292e+06 -167807 -191283
62 -261038 -6463.58 -7289.09 -6.83292e+06 -167807 -191283
64 -269466 -6670.56 -7525.03 -6.83292e+06 -167807 -191283
66 -277894 -6877.53 -7760.96 -6.83292e+06 -167807 -191283
68 -286322 -7084.51 -7996.89 -6.83292e+06 -167807 -191283
70 -294750 -7291.49 -8232.82 -6.83292e+06 -167807 -191283
72 -303177 -7498.46 -8468.75 -6.83292e+06 -167807 -191283
74 -311605 -7705.44 -8704.68 -6.83292e+06 -167807 -191283
76 -320033 -7912.42 -8940.62 -6.83292e+06 -167807 -191283
78 -328461 -8119.39 -9176.55 -6.83292e+06 -167807 -191283
80 -336889 -8326.37 -9412.48 -6.83292e+06 -167807 -191283
82 -345317 -8533.35 -9648.41 -6.83292e+06 -167807 -191283
84 -353744 -8740.32 -9884.34 -6.83292e+06 -167807 -191283
86 -362172 -8947.3 -10120.3 -6.83292e+06 -167807 -191283
88 -370600 -9154.28 -10356.2 -6.83292e+06 -167807 -191283
90 -379028 -9361.25 -10592.1 -6.83292e+06 -167807 -191283
92 -387456 -9568.23 -10828.1 -6.83292e+06 -167807 -191283
94 -395884 -9775.21 -11064 -6.83292e+06 -167807 -191283
96 -404312 -9982.18 -11299.9 -6.83292e+06 -167807 -191283
98 -412739 -10189.2 -11535.9 -6.83292e+06 -167807 -191283
100 -421167 -10396.1 -11771.8 -6.83292e+06 -167807 -191283
102 -429595 -10603.1 -12007.7 -6.83292e+06 -167807 -191283
104 -438023 -10810.1 -12243.7 -6.83292e+06 -167807 -191283
106 -446451 -11017.1 -12479.6 -6.83292e+06 -167807 -191283
108 -454879 -11224 -12715.5 -6.83292e+06 -167807 -191283
110 -463306 -11431 -12951.5 -6.83292e+06 -167807 -191283
112 -471734 -11638 -13187.4 -6.83292e+06 -167807 -191283
114 -480162 -11845 -13423.3 -6.83292e+06 -167807 -191283
116 -488590 -12051.9 -13659.3 -6.83292e+06 -167807 -191283
118 -497018 -12258.9 -13895.2 -6.83292e+06 -167807 -191283
120 -505446 -12465.9 -14131.1 -6.83292e+06 -167807 -191283
122 -513874 -12672.9 -14367 -6.83292e+06 -167807 -191283
124 -522301 -12879.9 -14603 -6.83292e+06 -167807 -191283
126 -530729 -13086.8 -14838.9 -6.83292e+06 -167807 -191283
128 -539157 -13293.8 -15074.8 -6.83292e+06 -167807 -191283
130 -547585 -13500.8 -15310.8 -6.83292e+06 -167807 -191283
132 -556013 -13707.8 -15546.7 -6.83292e+06 -167807 -191283
134 -564441 -13914.7 -15782.6 -6.83292e+06 -167807 -191283
136 -572868 -14121.7 -16018.6 -6.83292e+06 -167807 -191283
138 -581296 -14328.7 -16254.5 -6.83292e+06 -167807 -191283
140 -589724 -14535.7 -16490.4 -6.83292e+06 -167807 -191283
142 -598152 -14742.6 -16726.4 -6.83292e+06 -167807 -191283
144 -606580 -14949.6 -16962.3 -6.83292e+06 -167807 -191283
146 -615008 -15156.6 -17198.2 -6.83292e+06 -167807 -191283
148 -623435 -15363.6 -17434.2 -6.83292e+06 -167807 -191283
150 -631863 -15570.6 -17670.1 -6.83292e+06 -167807 -191283
152 -640291 -15777.5 -17906 -6.83292e+06 -167807 -191283
154 -648719 -15984.5 -18142 -6.83292e+06 -167807 -191283
156 -657147 -16191.5 -18377.9 -6.83292e+06 -167807 -191283
158 -665575 -16398.5 -18613.8 -6.83292e+06 -167807 -191283
160 -674003 -16605.4 -18849.8 -6.83292e+06 -167807 -191283
162 -682430 -16812.4 -19085.7 -6.83292e+06 -167807 -191283
164 -690858 -17019.4 -19321.6 -6.83292e+06 -167807 -191283
166 -699286 -17226.4 -19557.5 -6.83292e+06 -167807 -191283
168 -707714 -17433.3 -19793.5 -6.83292e+06 -167807 -191283
170 -716142 -17640.3 -20029.4 -6.83292e+06 -167807 -191283
172 -724570 -17847.3 -20265.3 -6.83292e+06 -167807 -191283
174 -732997 -18054.3 -20501.3 -6.83292e+06 -167807 -191283
176 -741425 -18261.2 -20737.2 -6.83292e+06 -167807 -191283
178 -749853 -18468.2 -20973.1 -6.83292e+06 -167807 -191283
180 -758281 -18675.2 -21209.1 -6.83292e+06 -167807 -191283
182 -766709 -18882.2 -21445 -6.83292e+06 -167807 -191283
184 -775137 -19089.2 -21680.9 -6.83292e+06 -167807 -191283
186 -783565 -19296.1 -21916.9 -6.83292e+06 -167807 -191283
188 -791992 -19503.1 -22152.8 -6.83292e+06 -167807 -191283
190 -800420 -19710.1 -22388.7 -6.83292e+06 -167807 -191283
192 -808848 -19917.1 -22624.7 -6.83292e+06 -167807 -191283
194 -817276 -20124 -22860.6 -6.83292e+06 -167807 -191283
196 -825704 -20331 -23096.5 -6.83292e+06 -167807 -191283
198 -834132 -20538 -23332.5 -6.83292e+06 -167807 -191283
200 -842559 -20745 -23568.4 -6.83292e+06 -167807 -191283
202 -850987 -20951.9 -23804.3 -6.83292e+06 -167807 -191283
204 -859415 -21158.9 -24040.3 -6.83292e+06 -167807 -191283
206 -867843 -21365.9 -24276.2 -6.83292e+06 -167807 -191283
208 -876271 -21572.9 -24512.1 -6.83292e+06 -167807 -191283
210 -884699 -21779.8 -24748 -6.83292e+06 -167807 -191283
212 -893126 -21986.8 -24984 -6.83292e+06 -167807 -191283
214 -901554 -22193.8 -25219.9 -6.83292e+06 -167807 -191283
216 -909982 -22400.8 -25455.8 -6.83292e+06 -167807 -191283
218 -918410 -22607.8 -25691.8 -6.83292e+06 -167807 -191283
220 -926838 -22814.7 -25927.7 -6.83292e+06 -167807 -191283
222 -935266 -23021.7 -26163.6 -6.83292e+06 -167807 -191283
224 -943694 -23228.7 -26399.6 -6.83292e+06 -167807 -191283
226 -952121 -23435.7 -26635.5 -6.83292e+06 -167807 -191283
228 -960549 -23642.6 -26871.4 -6.83292e+06 -167807 -191283
230 -968977 -23849.6 -27107.4 -6.83292e+06 -167807 -191283
232 -977405 -24056.6 -27343.3 -6.83292e+06 -167807 -191283
234 -985833 -24263.6 -27579.2 -6.83292e+06 -167807 -191283
236 -994261 -24470.5 -27815.2 -6.83292e+06 -167807 -191283
238 -1.00269e+06 -24677.5 -28051.1 -6.83292e+06 -167807 -191283
240 -1.01112e+06 -24884.5 -28287 -6.83292e+06 -167807 -191283
242 -1.01954e+06 -25091.5 -28523 -6.83292e+06 -167807 -191283
244 -1.02797e+06 -25298.5 -28758.9 -6.83292e+06 -167807 -191283
246 -1.0364e+06 -25505.4 -28994.8 -6.83292e+06 -167807 -191283
248 -1.04483e+06 -25712.4 -29230.8 -6.83292e+06 -167807 -191283
250 -1.05326e+06 -25919.4 -29466.7 -6.83292e+06 -167807 -191283
252 -1.06168e+06 -26126.4 -29702.6 -6.83292e+06 -167807 -191283
254 -1.07011e+06 -26333.3 -29938.5 -6.83292e+06 -167807 -191283
256 -1.07854e+06 -26540.3 -30174.5 -6.83292e+06 -167807 -191283
258 -1.08697e+06 -26747.3 -30410.4 -6.83292e+06 -167807 -191283
260 -1.09539e+06 -26954.3 -30646.3 -6.83292e+06 -167807 -191283
262 -1.10382e+06 -27161.2 -30882.3 -6.83292e+06 -167807 -191283
264 -1.11225e+06 -27368.2 -31118.2 -6.83292e+06 -167807 -191283
266 -1.12068e+06 -27575.2 -31354.1 -6.83292e+06 -167807 -191283
268 -1.12911e+06 -27782.2 -31590.1 -6.83292e+06 -167807 -191283
270 -1.13753e+06 -27989.1 -31826 -6.83292e+06 -167807 -191283
272 -1.14596e+06 -28196.1 -32061.9 -6.83292e+06 -167807 -191283
274 -1.15439e+06 -28403.1 -32297.9 -6.83292e+06 -167807 -191283
276 -1.16282e+06 -28610.1 -32533.8 -6.83292e+06 -167807 -191283
278 -1.17125e+06 -28817.1 -32769.7 -6.83292e+06 -167807 -191283
280 -1.17967e+06 -29024 -33005.7 -6.83292e+06 -167807 -191283
282 -1.1881e+06 -29231 -33241.6 -6.83292e+06 -167807 -191283
284 -1.19653e+06 -29438 -33477.5 -6.83292e+06 -167807 -191283
286 -1.20496e+06 -29645 -33713.5 -6.83292e+06 -167807 -191283
288 -1.21338e+06 -29851.9 -33949.4 -6.83292e+06 -167807 -191283
290 -1.22181e+06 -30058.9 -34185.3 -6.83292e+06 -167807 -191283
292 -1.23024e+06 -30265.9 -34421.2 -6.83292e+06 -167807 -191283
294 -1.23867e+06 -30472.9 -34657.2 -6.83292e+06 -167807 -191283
296 -1.2471e+06 -30679.8 -34893.1 -6.83292e+06 -167807 -191283
298 -1.25552e+06 -30886.8 -35129 -6.83292e+06 -167807 -191283
300 -1.26395e+06 -31093.8 -35365 -6.83292e+06 -167807 -191283
302 -1.27238e+06 -31300.8 -35600.9 -6.83292e+06 -167807 -191283
304 -1.28081e+06 -31507.8 -35836.8 -6.83292e+06 -167807 -191283
306 -1.28924e+06 -31714.7 -36072.8 -6.83292e+06 -167807 -191283
308 -1.29766e+06 -31921.7 -36308.7 -6.83292e+06 -167807 -191283
310 -1.30609e+06 -32128.7 -36544.6 -6.83292e+06 -167807 -191283
312 -1.31452e+06 -32335.7 -36780.6 -6.83292e+06 -167807 -191283
314 -1.32295e+06 -32542.6 -37016.5 -6.83292e+06 -167807 -191283
316 -1.33137e+06 -32749.6 -37252.4 -6.83292e+06 -167807 -191283
318 -1.3398e+06 -32956.6 -37488.4 -6.83292e+06 -167807 -191283
320 -1.34823e+06 -33163.6 -37724.3 -6.83292e+06 -167807 -191283
322 -1.35666e+06 -33370.5 -37960.2 -6.83292e+06 -167807 -191283
324 -1.36509e+06 -33577.5 -38196.2 -6.83292e+06 -167807 -191283
326 -1.37351e+06 -33784.5 -38432.1 -6.83292e+06 -167807 -191283
328 -1.38194e+06 -33991.5 -38668 -6.83292e+06 -167807 -191283
330 -1.39037e+06 -34198.4 -38904 -6.83292e+06 -167807 -191283
332 -1.3988e+06 -34405.4 -39139.9 -6.83292e+06 -167807 -191283
334 -1.40722e+06 -34612.4 -39375.8 -6.83292e+06 -167807 -191283
336 -1.41565e+06 -34819.4 -39611.7 -6.83292e+06 -167807 -191283
338 -1.42408e+06 -35026.4 -39847.7 -6.83292e+06 -167807 -191283
340 -1.43251e+06 -35233.3 -40083.6 -6.83292e+06 -167807 -191283
342 -1.44094e+06 -35440.3 -40319.5 -6.83292e+06 -167807 -191283
344 -1.44936e+06 -35647.3 -40555.5 -6.83292e+06 -167807 -191283
346 -1.45779e+06 -35854.3 -40791.4 -6.83292e+06 -167807 -191283
348 -1.46622e+06 -36061.2 -41027.3 -6.83292e+06 -167807 -191283
350 -1.47465e+06 -36268.2 -41263.3 -6.83292e+06 -167807 -191283
352 -1.48308e+06 -36475.2 -41499.2 -6.83292e+06 -167807 -191283
354 -1.4915e+06 -36682.2 -41735.1 -6.83292e+06 -167807 -191283
356 -1.49993e+06 -36889.1 -41971.1 -6.83292e+06 -167807 -191283
358 -1.50836e+06 -37096.1 -42207 -6.83292e+06 -167807 -191283
360 -1.51679e+06 -37303.1 -42442.9 -6.83292e+06 -167807 -191283
362 -1.52521e+06 -37510.1 -42678.9 -6.83292e+06 -167807 -191283
364 -1.53364e+06 -37717 -42914.8 -6.83292e+06 -167807 -191283
366 -1.54207e+06 -37924 -43150.7 -6.83292e+06 -167807 -191283
368 -1.5505e+06 -38131 -43386.7 -6.83292e+06 -167807 -191283
370 -1.55893e+06 -38338 -43622.6 -6.83292e+06 -167807 -191283
372 -1.56735e+06 -38545 -43858.5 -6.83292e+06 -167807 -191283
374 -1.57578e+06 -38751.9 -44094.5 -6.83292e+06 -167807 -191283
376 -1.58421e+06 -38958.9 -44330.4 -6.83292e+06 -167807 -191283
378 -1.59264e+06 -39165.9 -44566.3 -6.83292e+06 -167807 -191283
380 -1.60107e+06 -39372.9 -44802.2 -6.83292e+06 -167807 -191283
382 -1.60949e+06 -39579.8 -45038.2 -6.83292e+06 -167807 -191283
384 -1.61792e+06 -39786.8 -45274.1 -6.83292e+06 -167807 -191283
386 -1.62635e+06 -39993.8 -45510 -6.83292e+06 -167807 -191283
388 -1.63478e+06 -40200.8 -45746 -6.83292e+06 -167807 -191283
390 -1.6432e+06 -40407.7 -45981.9 -6.83292e+06 -167807 -191283
392 -1.65163e+06 -40614.7 -46217.8 -6.83292e+06 -167807 -191283
394 -1.66006e+06 -40821.7 -46453.8 -6.83292e+06 -167807 -191283
396 -1.66849e+06 -41028.7 -46689.7 -6.83292e+06 -167807 -191283
398 -1.67692e+06 -41235.7 -46925.6 -6.83292e+06 -167807 -191283
400 -1.68534e+06 -41442.6 -47161.6 -6.83292e+06 -167807 -191283
402 -1.69377e+06 -41649.6 -47397.5 -6.83292e+06 -167807 -191283
404 -1.7022e+06 -41856.6 -47633.4 -6.83292e+06 -167807 -191283
406 -1.71063e+06 -42063.6 -47869.4 -6.83292e+06 -167807 -191283
408 -1.71906e+06 -42270.5 -48105.3 -6.83292e+06 -167807 -191283
410 -1.72748e+06 -42477.5 -48341.2 -6.83292e+06 -167807 -191283
412 -1.73591e+06 -42684.5 -48577.2 -6.83292e+06 -167807 -191283
414 -1.74434e+06 -42891.5 -48813.1 -6.83292e+06 -167807 -191283
416 -1.75277e+06 -43098.4 -49049 -6.83292e+06 -167807 -191283
418 -1.76119e+06 -43305.4 -49285 -6.83292e+06 -167807 -191283
420 -1.76962e+06 -43512.4 -49520.9 -6.83292e+06 -167807 -191283
422 -1.77805e+06 -43719.4 -49756.8 -6.83292e+06 -167807 -191283
424 -1.78648e+06 -43926.3 -49992.7 -6.83292e+06 -167807 -191283
426 -1.79491e+06 -44133.3 -50228.7 -6.83292e+06 -167807 -191283
428 -1.80333e+06 -44340.3 -50464.6 -6.83292e+06 -167807 -191283
430 -1.81176e+06 -44547.3 -50700.5 -6.83292e+06 -167807 -191283
432 -1.82019e+06 -44754.3 -50936.5 -6.83292e+06 -167807 -191283
434 -1.82862e+06 -44961.2 -51172.4 -6.83292e+06 -167807 -191283
436 -1.83704e+06 -45168.2 -51408.3 -6.83292e+06 -167807 -191283
438 -1.84547e+06 -45375.2 -51644.3 -6.83292e+06 -167807 -191283
440 -1.8539e+06 -45582.2 -51880.2 -6.83292e+06 -167807 -191283
442 -1.86233e+06 -45789.1 -52116.1 -6.83292e+06 -167807 -191283
444 -1.87076e+06 -45996.1 -52352.1 -6.83292e+06 -167807 -191283
446 -1.87918e+06 -46203.1 -52588 -6.83292e+06 -167807 -191283
448 -1.88761e+06 -46410.1 -52823.9 -6.83292e+06 -167807 -191283
450 -1.89604e+06 -46617 -53059.9 -6.83292e+06 -167807 -191283
452 -1.90447e+06 -46824 -53295.8 -6.83292e+06 -167807 -191283
454 -1.9129e+06 -47031 -53531.7 -6.83292e+06 -167807 -191283
456 -1.92132e+06 -47238 -53767.7 -6.83292e+06 -167807 -191283
458 -1.92975e+06 -47445 -54003.6 -6.83292e+06 -167807 -191283
460 -1.93818e+06 -47651.9 -54239.5 -6.83292e+06 -167807 -191283
462 -1.94661e+06 -47858.9 -54475.5 -6.83292e+06 -167807 -191283
464 -1.95503e+06 -48065.9 -54711.4 -6.83292e+06 -167807 -191283
466 -1.96346e+06 -48272.9 -54947.3 -6.83292e+06 -167807 -191283
468 -1.97189e+06 -48479.8 -55183.2 -6.83292e+06 -167807 -191283
470 -1.98032e+06 -48686.8 -55419.2 -6.83292e+06 -167807 -191283
472 -1.98875e+06 -48893.8 -55655.1 -6.83292e+06 -167807 -191283
474 -1.99717e+06 -49100.8 -55891 -6.83292e+06 -167807 -191283
476 -2.0056e+06 -49307.7 -56127 -6.83292e+06 -167807 -191283
478 -2.01403e+06 -49514.7 -56362.9 -6.83292e+06 -167807 -191283
480 -2.02246e+06 -49721.7 -56598.8 -6.83292e+06 -167807 -191283
482 -2.03089e+06 -49928.7 -56834.8 -6.83292e+06 -167807 -191283
484 -2.03931e+06 -50135.6 -57070.7 -6.83292e+06 -167807 -191283
486 -2.04774e+06 -50342.6 -57306.6 -6.83292e+06 -167807 -191283
488 -2.05617e+06 -50549.6 -57542.6 -6.83292e+06 -167807 -191283
490 -2.0646e+06 -50756.6 -57778.5 -6.83292e+06 -167807 -191283
492 -2.07302e+06 -50963.6 -58014.4 -6.83292e+06 -167807 -191283
494 -2.08145e+06 -51170.5 -58250.4 -6.83292e+06 -167807 -191283
496 -2.08988e+06 -51377.5 -58486.3 -6.83292e+06 -167807 -191283
498 -2.09831e+06 -51584.5 -58722.2 -6.83292e+06 -167807 -191283
500 -2.10674e+06 -51791.5 -58958.2 -6.83292e+06 -167807 -191283
502 -2.11516e+06 -51998.4 -59194.1 -6.83292e+06 -167807 -191283
504 -2.12359e+06 -52205.4 -59430 -6.83292e+06 -167807 -191283
506 -2.13202e+06 -52412.4 -59666 -6.83292e+06 -167807 -191283
508 -2.14045e+06 -52619.4 -59901.9 -6.83292e+06 -167807 -191283
510 -2.14888e+06 -52826.3 -60137.8 -6.83292e+06 -167807 -191283
512 -2.1573e+06 -53033.3 -60373.7 -6.83292e+06 -167807 -191283
514 -2.16573e+06 -53240.3 -60609.7 -6.83292e+06 -167807 -191283
516 -2.17416e+06 -53447.3 -60845.6 -6.83292e+06 -167807 -191283
518 -2.18259e+06 -53654.2 -61081.5 -6.83292e+06 -167807 -191283
520 -2.19101e+06 -53861.2 -61317.5 -6.83292e+06 -167807 -191283
522 -2.19944e+06 -54068.2 -61553.4 -6.83292e+06 -167807 -191283
524 -2.20787e+06 -54275.2 -61789.3 -6.83292e+06 -167807 -191283
526 -2.2163e+06 -54482.2 -62025.3 -6.83292e+06 -167807 -191283
528 -2.22473e+06 -54689.1 -62261.2 -6.83292e+06 -167807 -191283
530 -2.23315e+06 -54896.1 -62497.1 -6.83292e+06 -167807 -191283
532 -2.24158e+06 -55103.1 -62733.1 -6.83292e+06 -167807 -191283
534 -2.25001e+06 -55310.1 -62969 -6.83292e+06 -167807 -191283
536 -2.25844e+06 -55517 -63204.9 -6.83292e+06 -167807 -191283
538 -2.26687e+06 -55724 -63440.9 -6.83292e+06 -167807 -191283
540 -2.27529e+06 -55931 -63676.8 -6.83292e+06 -167807 -191283
542 -2.28372e+06 -56138 -63912.7 -6.83292e+06 -167807 -191283
544 -2.29215e+06 -56344.9 -64148.7 -6.83292e+06 -167807 -191283
546 -2.30058e+06 -56551.9 -64384.6 -6.83292e+06 -167807 -191283
548 -2.309e+06 -56758.9 -64620.5 -6.83292e+06 -167807 -191283
550 -2.31743e+06 -56965.9 -64856.5 -6.83292e+06 -167807 -191283
552 -2.32586e+06 -57172.9 -65092.4 -6.83292e+06 -167807 -191283
554 -2.33429e+06 -57379.8 -65328.3 -6.83292e+06 -167807 -191283
556 -2.34272e+06 -57586.8 -65564.2 -6.83292e+06 -167807 -191283
558 -2.35114e+06 -57793.8 -65800.2 -6.83292e+06 -167807 -191283
560 -2.35957e+06 -58000.8 -66036.1 -6.83292e+06 -167807 -191283
562 -2.368e+06 -58207.7 -66272 -6.83292e+06 -167807 -191283
564 -2.37643e+06 -58414.7 -66508 -6.83292e+06 -167807 -191283
566 -2.38485e+06 -58621.7 -66743.9 -6.83292e+06 -167807 -191283
568 -2.39328e+06 -58828.7 -66979.8 -6.83292e+06 -167807 -191283
570 -2.40171e+06 -59035.6 -67215.8 -6.83292e+06 -167807 -191283
572 -2.41014e+06 -59242.6 -67451.7 -6.83292e+06 -167807 -191283
574 -2.41857e+06 -59449.6 -67687.6 -6.83292e+06 -167807 -191283
576 -2.42699e+06 -59656.6 -67923.6 -6.83292e+06 -167807 -191283
578 -2.43542e+06 -59863.5 -68159.5 -6.83292e+06 -167807 -191283
580 -2.44385e+06 -60070.5 -68395.4 -6.83292e+06 -167807 -191283
582 -2.45228e+06 -60277.5 -68631.4 -6.83292e+06 -167807 -191283
584 -2.46071e+06 -60484.5 -68867.3 -6.83292e+06 -167807 -191283
586 -2.46913e+06 -60691.5 -69103.2 -6.83292e+06 -167807 -191283
588 -2.47756e+06 -60898.4 -69339.2 -6.83292e+06 -167807 -191283
590 -2.48599e+06 -61105.4 -69575.1 -6.83292e+06 -167807 -191283
592 -2.49442e+06 -61312.4 -69811 -6.83292e+06 -167807 -191283
594 -2.50284e+06 -61519.4 -70047 -6.83292e+06 -167807 -191283
596 -2.51127e+06 -61726.3 -70282.9 -6.83292e+06 -167807 -191283
598 -2.5197e+06 -61933.3 -70518.8 -6.83292e+06 -167807 -191283
600 -2.52813e+06 -62140.3 -70754.7 -6.83292e+06 -167807 -191283
602 -2.53656e+06 -62347.3 -70990.7 -6.83292e+06 -167807 -191283
604 -2.54498e+06 -62554.2 -71226.6 -6.83292e+06 -167807 -191283
606 -2.55341e+06 -62761.2 -71462.5 -6.83292e+06 -167807 -191283
608 -2.56184e+06 -62968.2 -71698.5 -6.83292e+06 -167807 -191283
610 -2.57027e+06 -63175.2 -71934.4 -6.83292e+06 -167807 -191283
612 -2.5787e+06 -63382.2 -72170.3 -6.83292e+06 -167807 -191283
614 -2.58712e+06 -63589.1 -72406.3 -6.83292e+06 -167807 -191283
616 -2.59555e+06 -63796.1 -72642.2 -6.83292e+06 -167807 -191283
618 -2.60398e+06 -64003.1 -72878.1 -6.83292e+06 -167807 -191283
620 -2.61241e+06 -64210.1 -73114.1 -6.83292e+06 -167807 -191283
622 -2.62083e+06 -64417 -73350 -6.83292e+06 -167807 -191283
624 -2.62926e+06 -64624 -73585.9 -6.83292e+06 -167807 -191283
626 -2.63769e+06 -64831 -73821.9 -6.83292e+06 -167807 -191283
628 -2.64612e+06 -65038 -74057.8 -6.83292e+06 -167807 -191283
630 -2.65455e+06 -65244.9 -74293.7 -6.83292e+06 -167807 -191283
632 -2.66297e+06 -65451.9 -74529.7 -6.83292e+06 -167807 -191283
634 -2.6714e+06 -65658.9 -74765.6 -6.83292e+06 -167807 -191283
636 -2.67983e+06 -65865.9 -75001.5 -6.83292e+06 -167807 -191283
638 -2.68826e+06 -66072.8 -75237.4 -6.83292e+06 -167807 -191283
640 -2.69669e+06 -66279.8 -75473.4 -6.83292e+06 -167807 -191283
642 -2.70511e+06 -66486.8 -75709.3 -6.83292e+06 -167807 -191283
644 -2.71354e+06 -66693.8 -75945.2 -6.83292e+06 -167807 -191283
646 -2.72197e+06 -66900.8 -76181.2 -6.83292e+06 -167807 -191283
648 -2.7304e+06 -67107.7 -76417.1 -6.83292e+06 -167807 -191283
650 -2.73882e+06 -67314.7 -76653 -6.83292e+06 -167807 -191283
652 -2.74725e+06 -67521.7 -76889 -6.83292e+06 -167807 -191283
654 -2.75568e+06 -67728.7 -77124.9 -6.83292e+06 -167807 -191283
656 -2.76411e+06 -67935.6 -77360.8 -6.83292e+06 -167807 -191283
658 -2.77254e+06 -68142.6 -77596.8 -6.83292e+06 -167807 -191283
660 -2.78096e+06 -68349.6 -77832.7 -6.83292e+06 -167807 -191283
662 -2.78939e+06 -68556.6 -78068.6 -6.83292e+06 -167807 -191283
664 -2.79782e+06 -68763.5 -78304.6 -6.83292e+06 -167807 -191283
666 -2.80625e+06 -68970.5 -78540.5 -6.83292e+06 -167807 -191283
668 -2.81467e+06 -69177.5 -78776.4 -6.83292e+06 -167807 -191283
670 -2.8231e+06 -69384.5 -79012.4 -6.83292e+06 -167807 -191283
672 -2.83153e+06 -69591.4 -79248.3 -6.83292e+06 -167807 -191283
674 -2.83996e+06 -69798.4 -79484.2 -6.83292e+06 -167807 -191283
676 -2.84839e+06 -70005.4 -79720.2 -6.83292e+06 -167807 -191283
678 -2.85681e+06 -70212.4 -79956.1 -6.83292e+06 -167807 -191283
680 -2.86524e+06 -70419.4 -80192 -6.83292e+06 -167807 -191283
682 -2.87367e+06 -70626.3 -80427.9 -6.83292e+06 -167807 -191283
684 -2.8821e+06 -70833.3 -80663.9 -6.83292e+06 -167807 -191283
686 -2.89053e+06 -71040.3 -80899.8 -6.83292e+06 -167807 -191283
688 -2.89895e+06 -71247.3 -81135.7 -6.83292e+06 -167807 -191283
690 -2.90738e+06 -71454.2 -81371.7 -6.83292e+06 -167807 -191283
692 -2.91581e+06 -71661.2 -81607.6 -6.83292e+06 -167807 -191283
694 -2.92424e+06 -71868.2 -81843.5 -6.83292e+06 -167807 -191283
696 -2.93266e+06 -72075.2 -82079.5 -6.83292e+06 -167807 -191283
698 -2.94109e+06 -72282.1 -82315.4 -6.83292e+06 -167807 -191283
700 -2.94952e+06 -72489.1 -82551.3 -6.83292e+06 -167807 -191283
702 -2.95795e+06 -72696.1 -82787.3 -6.83292e+06 -167807 -191283
704 -2.96638e+06 -72903.1 -83023.2 -6.83292e+06 -167807 -191283
706 -2.9748e+06 -73110.1 -83259.1 -6.83292e+06 -167807 -191283
708 -2.98323e+06 -73317 -83495.1 -6.83292e+06 -167807 -191283
710 -2.99166e+06 -73524 -83731 -6.83292e+06 -167807 -191283
712 -3.00009e+06 -73731 -83966.9 -6.83292e+06 -167807 -191283
714 -3.00852e+06 -73938 -84202.9 -6.83292e+06 -167807 -191283
716 -3.01694e+06 -74144.9 -84438.8 -6.83292e+06 -167807 -191283
718 -3.02537e+06 -74351.9 -84674.7 -6.83292e+06 -167807 -191283
720 -3.0338e+06 -74558.9 -84910.7 -6.83292e+06 -167807 -191283
722 -3.04223e+06 -74765.9 -85146.6 -6.83292e+06 -167807 -191283
724 -3.05065e+06 -74972.8 -85382.5 -6.83292e+06 -167807 -191283
726 -3.05908e+06 -75179.8 -85618.4 -6.83292e+06 -167807 -191283
728 -3.06751e+06 -75386.8 -85854.4 -6.83292e+06 -167807 -191283
730 -3.07594e+06 -75593.8 -86090.3 -6.83292e+06 -167807 -191283
732 -3.08437e+06 -75800.7 -86326.2 -6.83292e+06 -167807 -191283
734 -3.09279e+06 -76007.7 -86562.2 -6.83292e+06 -167807 -191283
736 -3.10122e+06 -76214.7 -86798.1 -6.83292e+06 -167807 -191283
738 -3.10965e+06 -76421.7 -87034 -6.83292e+06 -167807 -191283
740 -3.11808e+06 -76628.7 -87270 -6.83292e+06 -167807 -191283
742 -3.12651e+06 -76835.6 -87505.9 -6.83292e+06 -167807 -191283
744 -3.13493e+06 -77042.6 -87741.8 -6.83292e+06 -167807 -191283
746 -3.14336e+06 -77249.6 -87977.8 -6.83292e+06 -167807 -191283
748 -3.15179e+06 -77456.6 -88213.7 -6.83292e+06 -167807 -191283
750 -3.16022e+06 -77663.5 -88449.6 -6.83292e+06 -167807 -191283
752 -3.16864e+06 -77870.5 -88685.6 -6.83292e+06 -167807 -191283
754 -3.17707e+06 -78077.5 -88921.5 -6.83292e+06 -167807 -191283
756 -3.1855e+06 -78284.5 -89157.4 -6.83292e+06 -167807 -191283
758 -3.19393e+06 -78491.4 -89393.4 -6.83292e+06 -167807 -191283
760 -3.20236e+06 -78698.4 -89629.3 -6.83292e+06 -167807 -191283
762 -3.21078e+06 -78905.4 -89865.2 -6.83292e+06 -167807 -191283
764 -3.21921e+06 -79112.4 -90101.2 -6.83292e+06 -167807 -191283
766 -3.22764e+06 -79319.4 -90337.1 -6.83292e+06 -167807 -191283
768 -3.23607e+06 -79526.3 -90573 -6.83292e+06 -167807 -191283
770 -3.24449e+06 -79733.3 -90808.9 -6.83292e+06 -167807 -191283
772 -3.25292e+06 -79940.3 -91044.9 -6.83292e+06 -167807 -191283
774 -3.26135e+06 -80147.3 -91280.8 -6.83292e+06 -167807 -191283
776 -3.26978e+06 -80354.2 -91516.7 -6.83292e+06 -167807 -191283
778 -3.27821e+06 -80561.2 -91752.7 -6.83292e+06 -167807 -191283
780 -3.28663e+06 -80768.2 -91988.6 -6.83292e+06 -167807 -191283
782 -3.29506e+06 -80975.2 -92224.5 -6.83292e+06 -167807 -191283
784 -3.30349e+06 -81182.1 -92460.5 -6.83292e+06 -167807 -191283
786 -3.31192e+06 -81389.1 -92696.4 -6.83292e+06 -167807 -191283
788 -3.32035e+06 -81596.1 -92932.3 -6.83292e+06 -167807 -191283
790 -3.32877e+06 -81803.1 -93168.3 -6.83292e+06 -167807 -191283
792 -3.3372e+06 -82010 -93404.2 -6.83292e+06 -167807 -191283
794 -3.34563e+06 -82217 -93640.1 -6.83292e+06 -167807 -191283
796 -3.35406e+06 -82424 -93876.1 -6.83292e+06 -167807 -191283
798 -3.36248e+06 -82631 -94112 -6.83292e+06 -167807 -191283
800 -3.37091e+06 -82838 -94347.9 -6.83292e+06 -167807 -191283
802 -3.37934e+06 -83044.9 -94583.9 -6.83292e+06 -167807 -191283
804 -3.38777e+06 -83251.9 -94819.8 -6.83292e+06 -167807 -191283
806 -3.3962e+06 -83458.9 -95055.7 -6.83292e+06 -167807 -191283
808 -3.40462e+06 -83665.9 -95291.7 -6.83292e+06 -167807 -191283
810 -3.41305e+06 -83872.8 -95527.6 -6.83292e+06 -167807 -191283
812 -3.42148e+06 -84079.8 -95763.5 -6.83292e+06 -167807 -191283
814 -3.42991e+06 -84286.8 -95999.4 -6.83292e+06 -167807 -191283
816 -3.43834e+06 -84493.8 -96235.4 -6.83292e+06 -167807 -191283
818 -3.44676e+06 -84700.7 -96471.3 -6.83292e+06 -167807 -191283
820 -3.45519e+06 -84907.7 -96707.2 -6.83292e+06 -167807 -191283
822 -3.46362e+06 -85114.7 -96943.2 -6.83292e+06 -167807 -191283
824 -3.47205e+06 -85321.7 -97179.1 -6.83292e+06 -167807 -191283
826 -3.48047e+06 -85528.6 -97415 -6.83292e+06 -167807 -191283
828 -3.4889e+06 -85735.6 -97651 -6.83292e+06 -167807 -191283
830 -3.49733e+06 -85942.6 -97886.9 -6.83292e+06 -167807 -191283
832 -3.50576e+06 -86149.6 -98122.8 -6.83292e+06 -167807 -191283
834 -3.51419e+06 -86356.6 -98358.8 -6.83292e+06 -167807 -191283
836 -3.52261e+06 -86563.5 -98594.7 -6.83292e+06 -167807 -191283
838 -3.53104e+06 -86770.5 -98830.6 -6.83292e+06 -167807 -191283
840 -3.53947e+06 -86977.5 -99066.6 -6.83292e+06 -167807 -191283
842 -3.5479e+06 -87184.5 -99302.5 -6.83292e+06 -167807 -191283
844 -3.55633e+06 -87391.4 -99538.4 -6.83292e+06 -167807 -191283
846 -3.56475e+06 -87598.4 -99774.4 -6.83292e+06 -167807 -191283
848 -3.57318e+06 -87805.4 -100010 -6.83292e+06 -167807 -191283
850 -3.58161e+06 -88012.4 -100246 -6.83292e+06 -167807 -191283
852 -3.59004e+06 -88219.3 -100482 -6.83292e+06 -167807 -191283
854 -3.59846e+06 -88426.3 -100718 -6.83292e+06 -167807 -191283
856 -3.60689e+06 -88633.3 -100954 -6.83292e+06 -167807 -191283
858 -3.61532e+06 -88840.3 -101190 -6.83292e+06 -167807 -191283
860 -3.62375e+06 -89047.3 -101426 -6.83292e+06 -167807 -191283
862 -3.63218e+06 -89254.2 -101662 -6.83292e+06 -167807 -191283
864 -3.6406e+06 -89461.2 -101898 -6.83292e+06 -167807 -191283
866 -3.64903e+06 -89668.2 -102134 -6.83292e+06 -167807 -191283
868 -3.65746e+06 -89875.2 -102370 -6.83292e+06 -167807 -191283
870 -3.66589e+06 -90082.1 -102606 -6.83292e+06 -167807 -191283
872 -3.67431e+06 -90289.1 -102841 -6.83292e+06 -167807 -191283
874 -3.68274e+06 -90496.1 -103077 -6.83292e+06 -167807 -191283
876 -3.69117e+06 -90703.1 -103313 -6.83292e+06 -167807 -191283
878 -3.6996e+06 -90910 -103549 -6.83292e+06 -167807 -191283
880 -3.70803e+06 -91117 -103785 -6.83292e+06 -167807 -191283
882 -3.71645e+06 -91324 -104021 -6.83292e+06 -167807 -191283
884 -3.72488e+06 -91531 -104257 -6.83292e+06 -167807 -191283
886 -3.73331e+06 -91737.9 -104493 -6.83292e+06 -167807 -191283
888 -3.74174e+06 -91944.9 -104729 -6.83292e+06 -167807 -191283
890 -3.75017e+06 -92151.9 -104965 -6.83292e+06 -167807 -191283
892 -3.75859e+06 -92358.9 -105201 -6.83292e+06 -167807 -191283
894 -3.76702e+06 -92565.9 -105437 -6.83292e+06 -167807 -191283
896 -3.77545e+06 -92772.8 -105673 -6.83292e+06 -167807 -191283
898 -3.78388e+06 -92979.8 -105909 -6.83292e+06 -167807 -191283
900 -3.7923e+06 -93186.8 -106145 -6.83292e+06 -167807 -191283
902 -3.80073e+06 -93393.8 -106380 -6.83292e+06 -167807 -191283
904 -3.80916e+06 -93600.7 -106616 -6.83292e+06 -167807 -191283
906 -3.81759e+06 -93807.7 -106852 -6.83292e+06 -167807 -191283
908 -3.82602e+06 -94014.7 -107088 -6.83292e+06 -167807 -191283
910 -3.83444e+06 -94221.7 -107324 -6.83292e+06 -167807 -191283
912 -3.84287e+06 -94428.6 -107560 -6.83292e+06 -167807 -191283
914 -3.8513e+06 -94635.6 -107796 -6.83292e+06 -167807 -191283
916 -3.85973e+06 -94842.6 -108032 -6.83292e+06 -167807 -191283
918 -3.86816e+06 -95049.6 -108268 -6.83292e+06 -167807 -191283
920 -3.87658e+06 -95256.6 -108504 -6.83292e+06 -167807 -191283
922 -3.88501e+06 -95463.5 -108740 -6.83292e+06 -167807 -191283
924 -3.89344e+06 -95670.5 -108976 -6.83292e+06 -167807 -191283
926 -3.90187e+06 -95877.5 -109212 -6.83292e+06 -167807 -191283
928 -3.91029e+06 -96084.5 -109448 -6.83292e+06 -167807 -191283
930 -3.91872e+06 -96291.4 -109683 -6.83292e+06 -167807 -191283
932 -3.92715e+06 -96498.4 -109919 -6.83292e+06 -167807 -191283
934 -3.93558e+06 -96705.4 -110155 -6.83292e+06 -167807 -191283
936 -3.94401e+06 -96912.4 -110391 -6.83292e+06 -167807 -191283
938 -3.95243e+06 -97119.3 -110627 -6.83292e+06 -167807 -191283
940 -3.96086e+06 -97326.3 -110863 -6.83292e+06 -167807 -191283
942 -3.96929e+06 -97533.3 -111099 -6.83292e+06 -167807 -191283
944 -3.97772e+06 -97740.3 -111335 -6.83292e+06 -167807 -191283
946 -3.98615e+06 -97947.2 -111571 -6.83292e+06 -167807 -191283
948 -3.99457e+06 -98154.2 -111807 -6.83292e+06 -167807 -191283
950 -4.003e+06 -98361.2 -112043 -6.83292e+06 -167807 -191283
952 -4.01143e+06 -98568.2 -112279 -6.83292e+06 -167807 -191283
954 -4.01986e+06 -98775.2 -112515 -6.83292e+06 -167807 -191283
956 -4.02828e+06 -98982.1 -112751 -6.83292e+06 -167807 -191283
958 -4.03671e+06 -99189.1 -112987 -6.83292e+06 -167807 -191283
960 -4.04514e+06 -99396.1 -113222 -6.83292e+06 -167807 -191283
962 -4.05357e+06 -99603.1 -113458 -6.83292e+06 -167807 -191283
964 -4.062e+06 -99810 -113694 -6.83292e+06 -167807 -191283
966 -4.07042e+06 -100017 -113930 -6.83292e+06 -167807 -191283
968 -4.07885e+06 -100224 -114166 -6.83292e+06 -167807 -191283
970 -4.08728e+06 -100431 -114402 -6.83292e+06 -167807 -191283
972 -4.09571e+06 -100638 -114638 -6.83292e+06 -167807 -191283
974 -4.10413e+06 -100845 -114874 -6.83292e+06 -167807 -191283
976 -4.11256e+06 -101052 -115110 -6.83292e+06 -167807 -191283
978 -4.12099e+06 -101259 -115346 -6.83292e+06 -167807 -191283
980 -4.12942e+06 -101466 -115582 -6.83292e+06 -167807 -191283
982 -4.13785e+06 -101673 -115818 -6.83292e+06 -167807 -191283
984 -4.14627e+06 -101880 -116054 -6.83292e+06 -167807 -191283
986 -4.1547e+06 -102087 -116290 -6.83292e+06 -167807 -191283
988 -4.16313e+06 -102294 -116526 -6.83292e+06 -167807 -191283
990 -4.17156e+06 -102501 -116761 -6.83292e+06 -167807 -191283
992 -4.17999e+06 -102708 -116997 -6.83292e+06 -167807 -191283
994 -4.18841e+06 -102915 -117233 -6.83292e+06 -167807 -191283
996 -4.19684e+06 -103122 -117469 -6.83292e+06 -167807 -191283
998 -4.20527e+06 -103329 -117705 -6.83292e+06 -167807 -191283
1000 -4.2137e+06 -103536 -117941 -6.83292e+06 -167807 -191283
1002 -4.22212e+06 -103743 -118177 -6.83292e+06 -167807 -191283
1004 -4.23055e+06 -103950 -118413 -6.83292e+06 -167807 -191283
1006 -4.23898e+06 -104157 -118649 -6.83292e+06 -167807 -191283
1008 -4.24741e+06 -104364 -118885 -6.83292e+06 -167807 -191283
1010 -4.25584e+06 -104570 -119121 -6.83292e+06 -167807 -191283
1012 -4.26426e+06 -104777 -119357 -6.83292e+06 -167807 -191283
1014 -4.27269e+06 -104984 -119593 -6.83292e+06 -167807 -191283
1016 -4.28112e+06 -105191 -119829 -6.83292e+06 -167807 -191283
1018 -4.28955e+06 -105398 -120064 -6.83292e+06 -167807 -191283
1020 -4.29798e+06 -105605 -120300 -6.83292e+06 -167807 -191283
1022 -4.3064e+06 -105812 -120536 -6.83292e+06 -167807 -191283
1024 -4.31483e+06 -106019 -120772 -6.83292e+06 -167807 -191283
1026 -4.32326e+06 -106226 -121008 -6.83292e+06 -167807 -191283
1028 -4.33169e+06 -106433 -121244 -6.83292e+06 -167807 -191283
1030 -4.34011e+06 -106640 -121480 -6.83292e+06 -167807 -191283
1032 -4.34854e+06 -106847 -121716 -6.83292e+06 -167807 -191283
1034 -4.35697e+06 -107054 -121952 -6.83292e+06 -167807 -191283
1036 -4.3654e+06 -107261 -122188 -6.83292e+06 -167807 -191283
1038 -4.37383e+06 -107468 -122424 -6.83292e+06 -167807 -191283
1040 -4.38225e+06 -107675 -122660 -6.83292e+06 -167807 -191283
1042 -4.39068e+06 -107882 -122896 -6.83292e+06 -167807 -191283
1044 -4.39911e+06 -108089 -123132 -6.83292e+06 -167807 -191283
1046 -4.40754e+06 -108296 -123368 -6.83292e+06 -167807 -191283
1048 -4.41597e+06 -108503 -123603 -6.83292e+06 -167807 -191283
1050 -4.42439e+06 -108710 -123839 -6.83292e+06 -167807 -191283
1052 -4.43282e+06 -108917 -124075 -6.83292e+06 -167807 -191283
1054 -4.44125e+06 -109124 -124311 -6.83292e+06 -167807 -191283
1056 -4.44968e+06 -109331 -124547 -6.83292e+06 -167807 -191283
1058 -4.4581e+06 -109538 -124783 -6.83292e+06 -167807 -191283
1060 -4.46653e+06 -109745 -125019 -6.83292e+06 -167807 -191283
1062 -4.47496e+06 -109952 -125255 -6.83292e+06 -167807 -191283
1064 -4.48339e+06 -110159 -125491 -6.83292e+06 -167807 -191283
1066 -4.49182e+06 -110366 -125727 -6.83292e+06 -167807 -191283
1068 -4.50024e+06 -110573 -125963 -6.83292e+06 -167807 -191283
1070 -4.50867e+06 -110780 -126199 -6.83292e+06 -167807 -191283
1072 -4.5171e+06 -110987 -126435 -6.83292e+06 -167807 -191283
1074 -4.52553e+06 -111194 -126671 -6.83292e+06 -167807 -191283
1076 -4.53395e+06 -111401 -126907 -6.83292e+06 -167807 -191283
1078 -4.54238e+06 -111608 -127142 -6.83292e+06 -167807 -191283
1080 -4.55081e+06 -111815 -127378 -6.83292e+06 -167807 -191283
1082 -4.55924e+06 -112022 -127614 -6.83292e+06 -167807 -191283
1084 -4.56767e+06 -112229 -127850 -6.83292e+06 -167807 -191283
1086 -4.57609e+06 -112436 -128086 -6.83292e+06 -167807 -191283
1088 -4.58452e+06 -112643 -128322 -6.83292e+06 -167807 -191283
1090 -4.59295e+06 -112850 -128558 -6.83292e+06 -167807 -191283
1092 -4.60138e+06 -113057 -128794 -6.83292e+06 -167807 -191283
1094 -4.60981e+06 -113264 -129030 -6.83292e+06 -167807 -191283
1096 -4.61823e+06 -113470 -129266 -6.83292e+06 -167807 -191283
1098 -4.62666e+06 -113677 -129502 -6.83292e+06 -167807 -191283
1100 -4.63509e+06 -113884 -129738 -6.83292e+06 -167807 -191283
1102 -4.64352e+06 -114091 -129974 -6.83292e+06 -167807 -191283
1104 -4.65194e+06 -114298 -130210 -6.83292e+06 -167807 -191283
1106 -4.66037e+06 -114505 -130445 -6.83292e+06 -167807 -191283
1108 -4.6688e+06 -114712 -130681 -6.83292e+06 -167807 -191283
1110 -4.67723e+06 -114919 -130917 -6.83292e+06 -167807 -191283
1112 -4.68566e+06 -115126 -131153 -6.83292e+06 -167807 -191283
1114 -4.69408e+06 -115333 -131389 -6.83292e+06 -167807 -191283
1116 -4.70251e+06 -115540 -131625 -6.83292e+06 -167807 -191283
1118 -4.71094e+06 -115747 -131861 -6.83292e+06 -167807 -191283
1120 -4.71937e+06 -115954 -132097 -6.83292e+06 -167807 -191283
1122 -4.7278e+06 -116161 -132333 -6.83292e+06 -167807 -191283
1124 -4.73622e+06 -116368 -132569 -6.83292e+06 -167807 -191283
1126 -4.74465e+06 -116575 -132805 -6.83292e+06 -167807 -191283
1128 -4.75308e+06 -116782 -133041 -6.83292e+06 -167807 -191283
1130 -4.76151e+06 -116989 -133277 -6.83292e+06 -167807 -191283
1132 -4.76993e+06 -117196 -133513 -6.83292e+06 -167807 -191283
1134 -4.77836e+06 -117403 -133749 -6.83292e+06 -167807 -191283
1136 -4.78679e+06 -117610 -133984 -6.83292e+06 -167807 -191283
1138 -4.79522e+06 -117817 -134220 -6.83292e+06 -167807 -191283
1140 -4.80365e+06 -118024 -134456 -6.83292e+06 -167807 -191283
1142 -4.81207e+06 -118231 -134692 -6.83292e+06 -167807 -191283
1144 -4.8205e+06 -118438 -134928 -6.83292e+06 -167807 -191283
1146 -4.82893e+06 -118645 -135164 -6.83292e+06 -167807 -191283
1148 -4.83736e+06 -118852 -135400 -6.83292e+06 -167807 -191283
1150 -4.84579e+06 -119059 -135636 -6.83292e+06 -167807 -191283
1152 -4.85421e+06 -119266 -135872 -6.83292e+06 -167807 -191283
1154 -4.86264e+06 -119473 -136108 -6.83292e+06 -167807 -191283
1156 -4.87107e+06 -119680 -136344 -6.83292e+06 -167807 -191283
1158 -4.8795e+06 -119887 -136580 -6.83292e+06 -167807 -191283
1160 -4.88792e+06 -120094 -136816 -6.83292e+06 -167807 -191283
1162 -4.89635e+06 -120301 -137052 -6.83292e+06 -167807 -191283
1164 -4.90478e+06 -120508 -137288 -6.83292e+06 -167807 -191283
1166 -4.91321e+06 -120715 -137523 -6.83292e+06 -167807 -191283
1168 -4.92164e+06 -120922 -137759 -6.83292e+06 -167807 -191283
1170 -4.93006e+06 -121129 -137995 -6.83292e+06 -167807 -191283
1172 -4.93849e+06 -121336 -138231 -6.83292e+06 -167807 -191283
1174 -4.94692e+06 -121543 -138467 -6.83292e+06 -167807 -191283
1176 -4.95535e+06 -121750 -138703 -6.83292e+06 -167807 -191283
1178 -4.96378e+06 -121957 -138939 -6.83292e+06 -167807 -191283
1180 -4.9722e+06 -122164 -139175 -6.83292e+06 -167807 -191283
1182 -4.98063e+06 -122370 -139411 -6.83292e+06 -167807 -191283
1184 -4.98906e+06 -122577 -139647 -6.83292e+06 -167807 -191283
1186 -4.99749e+06 -122784 -139883 -6.83292e+06 -167807 -191283
1188 -5.00591e+06 -122991 -140119 -6.83292e+06 -167807 -191283
1190 -5.01434e+06 -123198 -140355 -6.83292e+06 -167807 -191283
1192 -5.02277e+06 -123405 -140591 -6.83292e+06 -167807 -191283
1194 -5.0312e+06 -123612 -140826 -6.83292e+06 -167807 -191283
1196 -5.03963e+06 -123819 -141062 -6.83292e+06 -167807 -191283
1198 -5.04805e+06 -124026 -141298 -6.83292e+06 -167807 -191283
1200 -5.05648e+06 -124233 -141534 -6.83292e+06 -167807 -191283
1202 -5.06491e+06 -124440 -141770 -6.83292e+06 -167807 -191283
1204 -5.07334e+06 -124647 -142006 -6.83292e+06 -167807 -191283
1206 -5.08176e+06 -124854 -142242 -6.83292e+06 -167807 -191283
1208 -5.09019e+06 -125061 -142478 -6.83292e+06 -167807 -191283
1210 -5.09862e+06 -125268 -142714 -6.83292e+06 -167807 -191283
1212 -5.10705e+06 -125475 -142950 -6.83292e+06 -167807 -191283
1214 -5.11548e+06 -125682 -143186 -6.83292e+06 -167807 -191283
1216 -5.1239e+06 -125889 -143422 -6.83292e+06 -167807 -191283
1218 -5.13233e+06 -126096 -143658 -6.83292e+06 -167807 -191283
1220 -5.14076e+06 -126303 -143894 -6.83292e+06 -167807 -191283
1222 -5.14919e+06 -126510 -144130 -6.83292e+06 -167807 -191283
1224 -5.15762e+06 -126717 -144365 -6.83292e+06 -167807 -191283
1226 -5.16604e+06 -126924 -144601 -6.83292e+06 -167807 -191283
1228 -5.17447e+06 -127131 -144837 -6.83292e+06 -167807 -191283
1230 -5.1829e+06 -127338 -145073 -6.83292e+06 -167807 -191283
1232 -5.19133e+06 -127545 -145309 -6.83292e+06 -167807 -191283
1234 -5.19975e+06 -127752 -145545 -6.83292e+06 -167807 -191283
1236 -5.20818e+06 -127959 -145781 -6.83292e+06 -167807 -191283
1238 -5.21661e+06 -128166 -146017 -6.83292e+06 -167807 -191283
1240 -5.22504e+06 -128373 -146253 -6.83292e+06 -167807 -191283
1242 -5.23347e+06 -128580 -146489 -6.83292e+06 -167807 -191283
1244 -5.24189e+06 -128787 -146725 -6.83292e+06 -167807 -191283
1246 -5.25032e+06 -128994 -146961 -6.83292e+06 -167807 -191283
1248 -5.25875e+06 -129201 -147197 -6.83292e+06 -167807 -191283
1250 -5.26718e+06 -129408 -147433 -6.83292e+06 -167807 -191283
1252 -5.27561e+06 -129615 -147669 -6.83292e+06 -167807 -191283
1254 -5.28403e+06 -129822 -147904 -6.83292e+06 -167807 -191283
1256 -5.29246e+06 -130029 -148140 -6.83292e+06 -167807 -191283
1258 -5.30089e+06 -130236 -148376 -6.83292e+06 -167807 -191283
1260 -5.30932e+06 -130443 -148612 -6.83292e+06 -167807 -191283
1262 -5.31774e+06 -130650 -148848 -6.83292e+06 -167807 -191283
1264 -5.32617e+06 -130857 -149084 -6.83292e+06 -167807 -191283
1266 -5.3346e+06 -131064 -149320 -6.83292e+06 -167807 -191283
1268 -5.34303e+06 -131270 -149556 -6.83292e+06 -167807 -191283
1270 -5.35146e+06 -131477 -149792 -6.83292e+06 -167807 -191283
1272 -5.35988e+06 -131684 -150028 -6.83292e+06 -167807 -191283
1274 -5.36831e+06 -131891 -150264 -6.83292e+06 -167807 -191283
1276 -5.37674e+06 -132098 -150500 -6.83292e+06 -167807 -191283
1278 -5.38517e+06 -132305 -150736 -6.83292e+06 -167807 -191283
1280 -5.3936e+06 -132512 -150972 -6.83292e+06 -167807 -191283
1282 -5.40202e+06 -132719 -151207 -6.83292e+06 -167807 -191283
1284 -5.41045e+06 -132926 -151443 -6.83292e+06 -167807 -191283
1286 -5.41888e+06 -133133 -151679 -6.83292e+06 -167807 -191283
1288 -5.42731e+06 -133340 -151915 -6.83292e+06 -167807 -191283
1290 -5.43573e+06 -133547 -152151 -6.83292e+06 -167807 -191283
1292 -5.44416e+06 -133754 -152387 -6.83292e+06 -167807 -191283
1294 -5.45259e+06 -133961 -152623 -6.83292e+06 -167807 -191283
1296 -5.46102e+06 -134168 -152859 -6.83292e+06 -167807 -191283
1298 -5.46945e+06 -134375 -153095 -6.83292e+06 -167807 -191283
1300 -5.47787e+06 -134582 -153331 -6.83292e+06 -167807 -191283
1302 -5.4863e+06 -134789 -153567 -6.83292e+06 -167807 -191283
1304 -5.49473e+06 -134996 -153803 -6.83292e+06 -167807 -191283
1306 -5.50316e+06 -135203 -154039 -6.83292e+06 -167807 -191283
1308 -5.51158e+06 -135410 -154275 -6.83292e+06 -167807 -191283
1310 -5.52001e+06 -135617 -154511 -6.83292e+06 -167807 -191283
1312 -5.52844e+06 -135824 -154746 -6.83292e+06 -167807 -191283
1314 -5.53687e+06 -136031 -154982 -6.83292e+06 -167807 -191283
1316 -5.5453e+06 -136238 -155218 -6.83292e+06 -167807 -191283
1318 -5.55372e+06 -136445 -155454 -6.83292e+06 -167807 -191283
1320 -5.56215e+06 -136652 -155690 -6.83292e+06 -167807 -191283
1322 -5.57058e+06 -136859 -155926 -6.83292e+06 -167807 -191283
1324 -5.57901e+06 -137066 -156162 -6.83292e+06 -167807 -191283
1326 -5.58744e+06 -137273 -156398 -6.83292e+06 -167807 -191283
1328 -5.59586e+06 -137480 -156634 -6.83292e+06 -167807 -191283
1330 -5.60429e+06 -137687 -156870 -6.83292e+06 -167807 -191283
1332 -5.61272e+06 -137894 -157106 -6.83292e+06 -167807 -191283
1334 -5.62115e+06 -138101 -157342 -6.83292e+06 -167807 -191283
1336 -5.62957e+06 -138308 -157578 -6.83292e+06 -167807 -191283
1338 -5.638e+06 -138515 -157814 -6.83292e+06 -167807 -191283
1340 -5.64643e+06 -138722 -158050 -6.83292e+06 -167807 -191283
1342 -5.65486e+06 -138929 -158285 -6.83292e+06 -167807 -191283
1344 -5.66329e+06 -139136 -158521 -6.83292e+06 -167807 -191283
1346 -5.67171e+06 -139343 -158757 -6.83292e+06 -167807 -191283
1348 -5.68014e+06 -139550 -158993 -6.83292e+06 -167807 -191283
1350 -5.68857e+06 -139757 -159229 -6.83292e+06 -167807 -191283
1352 -5.697e+06 -139964 -159465 -6.83292e+06 -167807 -191283
1354 -5.70543e+06 -140170 -159701 -6.83292e+06 -167807 -191283
1356 -5.71385e+06 -140377 -159937 -6.83292e+06 -167807 -191283
1358 -5.72228e+06 -140584 -160173 -6.83292e+06 -167807 -191283
1360 -5.73071e+06 -140791 -160409 -6.83292e+06 -167807 -191283
1362 -5.73914e+06 -140998 -160645 -6.83292e+06 -167807 -191283
1364 -5.74756e+06 -141205 -160881 -6.83292e+06 -167807 -191283
1366 -5.75599e+06 -141412 -161117 -6.83292e+06 -167807 -191283
1368 -5.76442e+06 -141619 -161353 -6.83292e+06 -167807 -191283
1370 -5.77285e+06 -141826 -161588 -6.83292e+06 -167807 -191283
1372 -5.78128e+06 -142033 -161824 -6.83292e+06 -167807 -191283
1374 -5.7897e+06 -142240 -162060 -6.83292e+06 -167807 -191283
1376 -5.79813e+06 -142447 -162296 -6.83292e+06 -167807 -191283
1378 -5.80656e+06 -142654 -162532 -6.83292e+06 -167807 -191283
1380 -5.81499e+06 -142861 -162768 -6.83292e+06 -167807 -191283
1382 -5.82342e+06 -143068 -163004 -6.83292e+06 -167807 -191283
1384 -5.83184e+06 -143275 -163240 -6.83292e+06 -167807 -191283
1386 -5.84027e+06 -143482 -163476 -6.83292e+06 -167807 -191283
1388 -5.8487e+06 -143689 -163712 -6.83292e+06 -167807 -191283
1390 -5.85713e+06 -143896 -163948 -6.83292e+06 -167807 -191283
1392 -5.86555e+06 -144103 -164184 -6.83292e+06 -167807 -191283
1394 -5.87398e+06 -144310 -164420 -6.83292e+06 -167807 -191283
1396 -5.88241e+06 -144517 -164656 -6.83292e+06 -167807 -191283
1398 -5.89084e+06 -144724 -164892 -6.83292e+06 -167807 -191283
1400 -5.89927e+06 -144931 -165127 -6.83292e+06 -167807 -191283
1402 -5.90769e+06 -145138 -165363 -6.83292e+06 -167807 -191283
1404 -5.91612e+06 -145345 -165599 -6.83292e+06 -167807 -191283
1406 -5.92455e+06 -145552 -165835 -6.83292e+06 -167807 -191283
1408 -5.93298e+06 -145759 -166071 -6.83292e+06 -167807 -191283
1410 -5.9414e+06 -145966 -166307 -6.83292e+06 -167807 -191283
1412 -5.94983e+06 -146173 -166543 -6.83292e+06 -167807 -191283
1414 -5.95826e+06 -146380 -166779 -6.83292e+06 -167807 -191283
1416 -5.96669e+06 -146587 -167015 -6.83292e+06 -167807 -191283
1418 -5.97512e+06 -146794 -167251 -6.83292e+06 -167807 -191283
1420 -5.98354e+06 -147001 -167487 -6.83292e+06 -167807 -191283
1422 -5.99197e+06 -147208 -167723 -6.83292e+06 -167807 -191283
1424 -6.0004e+06 -147415 -167959 -6.83292e+06 -167807 -191283
1426 -6.00883e+06 -147622 -168195 -6.83292e+06 -167807 -191283
1428 -6.01726e+06 -147829 -168431 -6.83292e+06 -167807 -191283
1430 -6.02568e+06 -148036 -168666 -6.83292e+06 -167807 -191283
1432 -6.03411e+06 -148243 -168902 -6.83292e+06 -167807 -191283
1434 -6.04254e+06 -148450 -169138 -6.83292e+06 -167807 -191283
1436 -6.05097e+06 -148657 -169374 -6.83292e+06 -167807 -191283
1438 -6.05939e+06 -148863 -169610 -6.83292e+06 -167807 -191283
1440 -6.06782e+06 -149070 -169846 -6.83292e+06 -167807 -191283
1442 -6.07625e+06 -149277 -170082 -6.83292e+06 -167807 -191283
1444 -6.08468e+06 -149484 -170318 -6.83292e+06 -167807 -191283
1446 -6.09311e+06 -149691 -170554 -6.83292e+06 -167807 -191283
1448 -6.10153e+06 -149898 -170790 -6.83292e+06 -167807 -191283
1450 -6.10996e+06 -150105 -171026 -6.83292e+06 -167807 -191283
1452 -6.11839e+06 -150312 -171262 -6.83292e+06 -167807 -191283
1454 -6.12682e+06 -150519 -171498 -6.83292e+06 -167807 -191283
1456 -6.13525e+06 -150726 -171734 -6.83292e+06 -167807 -191283
1458 -6.14367e+06 -150933 -171969 -6.83292e+06 -167807 -191283
1460 -6.1521e+06 -151140 -172205 -6.83292e+06 -167807 -191283
1462 -6.16053e+06 -151347 -172441 -6.83292e+06 -167807 -191283
1464 -6.16896e+06 -151554 -172677 -6.83292e+06 -167807 -191283
1466 -6.17738e+06 -151761 -172913 -6.83292e+06 -167807 -191283
1468 -6.18581e+06 -151968 -173149 -6.83292e+06 -167807 -191283
1470 -6.19424e+06 -152175 -173385 -6.83292e+06 -167807 -191283
1472 -6.20267e+06 -152382 -173621 -6.83292e+06 -167807 -191283
1474 -6.2111e+06 -152589 -173857 -6.83292e+06 -167807 -191283
1476 -6.21952e+06 -152796 -174093 -6.83292e+06 -167807 -191283
1478 -6.22795e+06 -153003 -174329 -6.83292e+06 -167807 -191283
1480 -6.23638e+06 -153210 -174565 -6.83292e+06 -167807 -191283
1482 -6.24481e+06 -153417 -174801 -6.83292e+06 -167807 -191283
1484 -6.25324e+06 -153624 -175037 -6.83292e+06 -167807 -191283
1486 -6.26166e+06 -153831 -175273 -6.83292e+06 -167807 -191283
1488 -6.27009e+06 -154038 -175508 -6.83292e+06 -167807 -191283
1490 -6.27852e+06 -154245 -175744 -6.83292e+06 -167807 -191283
1492 -6.28695e+06 -154452 -175980 -6.83292e+06 -167807 -191283
1494 -6.29537e+06 -154659 -176216 -6.83292e+06 -167807 -191283
1496 -6.3038e+06 -154866 -176452 -6.83292e+06 -167807 -191283
1498 -6.31223e+06 -155073 -176688 -6.83292e+06 -167807 -191283
1500 -6.32066e+06 -155280 -176924 -6.83292e+06 -167807 -191283
1502 -6.32909e+06 -155487 -177160 -6.83292e+06 -167807 -191283
1504 -6.33751e+06 -155694 -177396 -6.83292e+06 -167807 -191283
1506 -6.34594e+06 -155901 -177632 -6.83292e+06 -167807 -191283
1508 -6.35437e+06 -156108 -177868 -6.83292e+06 -167807 -191283
1510 -6.3628e+06 -156315 -178104 -6.83292e+06 -167807 -191283
1512 -6.37122e+06 -156522 -178340 -6.83292e+06 -167807 -191283
1514 -6.37965e+06 -156729 -178576 -6.83292e+06 -167807 -191283
1516 -6.38808e+06 -156936 -178812 -6.83292e+06 -167807 -191283
1518 -6.39651e+06 -157143 -179047 -6.83292e+06 -167807 -191283
1520 -6.40494e+06 -157350 -179283 -6.83292e+06 -167807 -191283
1522 -6.41336e+06 -157557 -179519 -6.83292e+06 -167807 -191283
1524 -6.42179e+06 -157763 -179755 -6.83292e+06 -167807 -191283
1526 -6.43022e+06 -157970 -179991 -6.83292e+06 -167807 -191283
1528 -6.43865e+06 -158177 -180227 -6.83292e+06 -167807 -191283
1530 -6.44708e+06 -158384 -180463 -6.83292e+06 -167807 -191283
1532 -6.4555e+06 -158591 -180699 -6.83292e+06 -167807 -191283
1534 -6.46393e+06 -158798 -180935 -6.83292e+06 -167807 -191283
1536 -6.47236e+06 -159005 -181171 -6.83292e+06 -167807 -191283
1538 -6.48079e+06 -159212 -181407 -6.83292e+06 -167807 -191283
1540 -6.48921e+06 -159419 -181643 -6.83292e+06 -167807 -191283
1542 -6.49764e+06 -159626 -181879 -6.83292e+06 -167807 -191283
1544 -6.50607e+06 -159833 -182115 -6.83292e+06 -167807 -191283
1546 -6.5145e+06 -160040 -182350 -6.83292e+06 -167807 -191283
1548 -6.52293e+06 -160247 -182586 -6.83292e+06 -167807 -191283
1550 -6.53135e+06 -160454 -182822 -6.83292e+06 -167807 -191283
1552 -6.53978e+06 -160661 -183058 -6.83292e+06 -167807 -191283
1554 -6.54821e+06 -160868 -183294 -6.83292e+06 -167807 -191283
1556 -6.55664e+06 -161075 -183530 -6.83292e+06 -167807 -191283
1558 -6.56507e+06 -161282 -183766 -6.83292e+06 -167807 -191283
1560 -6.57349e+06 -161489 -184002 -6.83292e+06 -167807 -191283
1562 -6.58192e+06 -161696 -184238 -6.83292e+06 -167807 -191283
1564 -6.59035e+06 -161903 -184474 -6.83292e+06 -167807 -191283
1566 -6.59878e+06 -162110 -184710 -6.83292e+06 -167807 -191283
1568 -6.6072e+06 -162317 -184946 -6.83292e+06 -167807 -191283
1570 -6.61563e+06 -162524 -185182 -6.83292e+06 -167807 -191283
1572 -6.62406e+06 -162731 -185418 -6.83292e+06 -167807 -191283
1574 -6.63249e+06 -162938 -185654 -6.83292e+06 -167807 -191283
1576 -6.64092e+06 -163145 -185889 -6.83292e+06 -167807 -191283
1578 -6.64934e+06 -163352 -186125 -6.83292e+06 -167807 -191283
1580 -6.65777e+06 -163559 -186361 -6.83292e+06 -167807 -191283
1582 -6.6662e+06 -163766 -186597 -6.83292e+06 -167807 -191283
1584 -6.67463e+06 -163973 -186833 -6.83292e+06 -167807 -191283
1586 -6.68306e+06 -164180 -187069 -6.83292e+06 -167807 -191283
1588 -6.69148e+06 -164387 -187305 -6.83292e+06 -167807 -191283
1590 -6.69991e+06 -164594 -187541 -6.83292e+06 -167807 -191283
1592 -6.70834e+06 -164801 -187777 -6.83292e+06 -167807 -191283
1594 -6.71677e+06 -165008 -188013 -6.83292e+06 -167807 -191283
1596 -6.72519e+06 -165215 -188249 -6.83292e+06 -167807 -191283
1598 -6.73362e+06 -165422 -188485 -6.83292e+06 -167807 -191283
1600 -6.74205e+06 -165629 -188721 -6.83292e+06 -167807 -191283
1602 -6.75048e+06 -165836 -188957 -6.83292e+06 -167807 -191283
1604 -6.75891e+06 -166043 -189193 -6.83292e+06 -167807 -191283
1606 -6.76733e+06 -166250 -189428 -6.83292e+06 -167807 -191283
1608 -6.77576e+06 -166457 -189664 -6.83292e+06 -167807 -191283
1610 -6.78419e+06 -166663 -189900 -6.83292e+06 -167807 -191283
1612 -6.79262e+06 -166870 -190136 -6.83292e+06 -167807 -191283
1614 -6.80104e+06 -167077 -190372 -6.83292e+06 -167807 -191283
1616 -6.80947e+06 -167284 -190608 -6.83292e+06 -167807 -191283
1618 -6.8179e+06 -167491 -190844 -6.83292e+06 -167807 -191283
1620 -6.82633e+06 -167698 -191080 -6.83292e+06 -167807 -191283
1622 -6.83476e+06 -167905 -191316 -6.83292e+06 -167807 -191283
1624 -6.84318e+06 -168112 -191552 -6.83292e+06 -167807 -191283
1626 -6.85161e+06 -168319 -191788 -6.83292e+06 -167807 -191283
1628 -6.86004e+06 -168526 -192024 -6.83292e+06 -167807 -191283
1630 -6.86847e+06 -168733 -192260 -6.83292e+06 -167807 -191283
1632 -6.8769e+06 -168940 -192496 -6.83292e+06 -167807 -191283
1634 -6.88532e+06 -169147 -192731 -6.83292e+06 -167807 -191283
1636 -6.89375e+06 -169354 -192967 -6.83292e+06 -167807 -191283
1638 -6.90218e+06 -169561 -193203 -6.83292e+06 -167807 -191283
1640 -6.91061e+06 -169768 -193439 -6.83292e+06 -167807 -191283
1642 -6.91903e+06 -169975 -193675 -6.83292e+06 -167807 -191283
1644 -6.92746e+06 -170182 -193911 -6.83292e+06 -167807 -191283
1646 -6.93589e+06 -170389 -194147 -6.83292e+06 -167807 -191283
1648 -6.94432e+06 -170596 -194383 -6.83292e+06 -167807 -191283
1650 -6.95275e+06 -170803 -194619 -6.83292e+06 -167807 -191283
1652 -6.96117e+06 -171010 -194855 -6.83292e+06 -167807 -191283
1654 -6.9696e+06 -171217 -195091 -6.83292e+06 -167807 -191283
1656 -6.97803e+06 -171424 -195327 -6.83292e+06 -167807 -191283
1658 -6.98646e+06 -171631 -195563 -6.83292e+06 -167807 -191283
1660 -6.99489e+06 -171838 -195799 -6.83292e+06 -167807 -191283
1662 -7.00331e+06 -172045 -196035 -6.83292e+06 -167807 -191283
1664 -7.01174e+06 -172252 -196270 -6.83292e+06 -167807 -191283
1666 -7.02017e+06 -172459 -196506 -6.83292e+06 -167807 -191283
1668 -7.0286e+06 -172666 -196742 -6.83292e+06 -167807 -191283
1670 -7.03702e+06 -172873 -196978 -6.83292e+06 -167807 -191283
1672 -7.04545e+06 -173080 -197214 -6.83292e+06 -167807 -191283
1674 -7.05388e+06 -173287 -197450 -6.83292e+06 -167807 -191283
1676 -7.06231e+06 -173494 -197686 -6.83292e+06 -167807 -191283
1678 -7.07074e+06 -173701 -197922 -6.83292e+06 -167807 -191283
1680 -7.07916e+06 -173908 -198158 -6.83292e+06 -167807 -191283
1682 -7.08759e+06 -174115 -198394 -6.83292e+06 -167807 -191283
1684 -7.09602e+06 -174322 -198630 -6.83292e+06 -167807 -191283
1686 -7.10445e+06 -174529 -198866 -6.83292e+06 -167807 -191283
1688 -7.11288e+06 -174736 -199102 -6.83292e+06 -167807 -191283
1690 -7.1213e+06 -174943 -199338 -6.83292e+06 -167807 -191283
1692 -7.12973e+06 -175150 -199574 -6.83292e+06 -167807 -191283
1694 -7.13816e+06 -175357 -199809 -6.83292e+06 -167807 -191283
1696 -7.14659e+06 -175563 -200045 -6.83292e+06 -167807 -191283
1698 -7.15501e+06 -175770 -200281 -6.83292e+06 -167807 -191283
1700 -7.16344e+06 -175977 -200517 -6.83292e+06 -167807 -191283
1702 -7.17187e+06 -176184 -200753 -6.83292e+06 -167807 -191283
1704 -7.1803e+06 -176391 -200989 -6.83292e+06 -167807 -191283
1706 -7.18873e+06 -176598 -201225 -6.83292e+06 -167807 -191283
1708 -7.19715e+06 -176805 -201461 -6.83292e+06 -167807 -191283
1710 -7.20558e+06 -177012 -201697 -6.83292e+06 -167807 -191283
1712 -7.21401e+06 -177219 -201933 -6.83292e+06 -167807 -191283
1714 -7.22244e+06 -177426 -202169 -6.83292e+06 -167807 -191283
1716 -7.23087e+06 -177633 -202405 -6.83292e+06 -167807 -191283
1718 -7.23929e+06 -177840 -202641 -6.83292e+06 -167807 -191283
1720 -7.24772e+06 -178047 -202877 -6.83292e+06 -167807 -191283
1722 -7.25615e+06 -178254 -203112 -6.83292e+06 -167807 -191283
1724 -7.26458e+06 -178461 -203348 -6.83292e+06 -167807 -191283
1726 -7.273e+06 -178668 -203584 -6.83292e+06 -167807 -191283
1728 -7.28143e+06 -178875 -203820 -6.83292e+06 -167807 -191283
1730 -7.28986e+06 -179082 -204056 -6.83292e+06 -167807 -191283
1732 -7.29829e+06 -179289 -204292 -6.83292e+06 -167807 -191283
1734 -7.30672e+06 -179496 -204528 -6.83292e+06 -167807 -191283
1736 -7.31514e+06 -179703 -204764 -6.83292e+06 -167807 -191283
1738 -7.32357e+06 -179910 -205000 -6.83292e+06 -167807 -191283
1740 -7.332e+06 -180117 -205236 -6.83292e+06 -167807 -191283
1742 -7.34043e+06 -180324 -205472 -6.83292e+06 -167807 -191283
1744 -7.34885e+06 -180531 -205708 -6.83292e+06 -167807 -191283
1746 -7.35728e+06 -180738 -205944 -6.83292e+06 -167807 -191283
1748 -7.36571e+06 -180945 -206180 -6.83292e+06 -167807 -191283
1750 -7.37414e+06 -181152 -206416 -6.83292e+06 -167807 -191283
1752 -7.38257e+06 -181359 -206651 -6.83292e+06 -167807 -191283
1754 -7.39099e+06 -181566 -206887 -6.83292e+06 -167807 -191283
1756 -7.39942e+06 -181773 -207123 -6.83292e+06 -167807 -191283
1758 -7.40785e+06 -181980 -207359 -6.83292e+06 -167807 -191283
1760 -7.41628e+06 -182187 -207595 -6.83292e+06 -167807 -191283
1762 -7.42471e+06 -182394 -207831 -6.83292e+06 -167807 -191283
1764 -7.43313e+06 -182601 -208067 -6.83292e+06 -167807 -191283
1766 -7.44156e+06 -182808 -208303 -6.83292e+06 -167807 -191283
1768 -7.44999e+06 -183015 -208539 -6.83292e+06 -167807 -191283
1770 -7.45842e+06 -183222 -208775 -6.83292e+06 -167807 -191283
1772 -7.46684e+06 -183429 -209011 -6.83292e+06 -167807 -191283
1774 -7.47527e+06 -183636 -209247 -6.83292e+06 -167807 -191283
1776 -7.4837e+06 -183843 -209483 -6.83292e+06 -167807 -191283
1778 -7.49213e+06 -184050 -209719 -6.83292e+06 -167807 -191283
1780 -7.50056e+06 -184256 -209955 -6.83292e+06 -167807 -191283
1782 -7.50898e+06 -184463 -210190 -6.83292e+06 -167807 -191283
1784 -7.51741e+06 -184670 -210426 -6.83292e+06 -167807 -191283
1786 -7.52584e+06 -184877 -210662 -6.83292e+06 -167807 -191283
1788 -7.53427e+06 -185084 -210898 -6.83292e+06 -167807 -191283
1790 -7.5427e+06 -185291 -211134 -6.83292e+06 -167807 -191283
1792 -7.55112e+06 -185498 -211370 -6.83292e+06 -167807 -191283
1794 -7.55955e+06 -185705 -211606 -6.83292e+06 -167807 -191283
1796 -7.56798e+06 -185912 -211842 -6.83292e+06 -167807 -191283
1798 -7.57641e+06 -186119 -212078 -6.83292e+06 -167807 -191283
1800 -7.58483e+06 -186326 -212314 -6.83292e+06 -167807 -191283
1802 -7.59326e+06 -186533 -212550 -6.83292e+06 -167807 -191283
1804 -7.60169e+06 -186740 -212786 -6.83292e+06 -167807 -191283
1806 -7.61012e+06 -186947 -213022 -6.83292e+06 -167807 -191283
1808 -7.61855e+06 -187154 -213258 -6.83292e+06 -167807 -191283
1810 -7.62697e+06 -187361 -213493 -6.83292e+06 -167807 -191283
1812 -7.6354e+06 -187568 -213729 -6.83292e+06 -167807 -191283
1814 -7.64383e+06 -187775 -213965 -6.83292e+06 -167807 -191283
1816 -7.65226e+06 -187982 -214201 -6.83292e+06 -167807 -191283
1818 -7.66069e+06 -188189 -214437 -6.83292e+06 -167807 -191283
1820 -7.66911e+06 -188396 -214673 -6.83292e+06 -167807 -191283
1822 -7.67754e+06 -188603 -214909 -6.83292e+06 -167807 -191283
1824 -7.68597e+06 -188810 -215145 -6.83292e+06 -167807 -191283
1826 -7.6944e+06 -189017 -215381 -6.83292e+06 -167807 -191283
1828 -7.70282e+06 -189224 -215617 -6.83292e+06 -167807 -191283
1830 -7.71125e+06 -189431 -215853 -6.83292e+06 -167807 -191283
1832 -7.71968e+06 -189638 -216089 -6.83292e+06 -167807 -191283
1834 -7.72811e+06 -189845 -216325 -6.83292e+06 -167807 -191283
1836 -7.73654e+06 -190052 -216561 -6.83292e+06 -167807 -191283
1838 -7.74496e+06 -190259 -216797 -6.83292e+06 -167807 -191283
1840 -7.75339e+06 -190466 -217032 -6.83292e+06 -167807 -191283
1842 -7.76182e+06 -190673 -217268 -6.83292e+06 -167807 -191283
1844 -7.77025e+06 -190880 -217504 -6.83292e+06 -167807 -191283
1846 -7.77867e+06 -191087 -217740 -6.83292e+06 -167807 -191283
1848 -7.7871e+06 -191294 -217976 -6.83292e+06 -167807 -191283
1850 -7.79553e+06 -191501 -218212 -6.83292e+06 -167807 -191283
1852 -7.80396e+06 -191708 -218448 -6.83292e+06 -167807 -191283
1854 -7.81239e+06 -191915 -218684 -6.83292e+06 -167807 -191283
1856 -7.82081e+06 -192122 -218920 -6.83292e+06 -167807 -191283
1858 -7.82924e+06 -192329 -219156 -6.83292e+06 -167807 -191283
1860 -7.83767e+06 -192536 -219392 -6.83292e+06 -167807 -191283
1862 -7.8461e+06 -192743 -219628 -6.83292e+06 -167807 -191283
1864 -7.85453e+06 -192950 -219864 -6.83292e+06 -167807 -191283
1866 -7.86295e+06 -193156 -220100 -6.83292e+06 -167807 -191283
1868 -7.87138e+06 -193363 -220336 -6.83292e+06 -167807 -191283
1870 -7.87981e+06 -193570 -220571 -6.83292e+06 -167807 -191283
1872 -7.88824e+06 -193777 -220807 -6.83292e+06 -167807 -191283
1874 -7.89666e+06 -193984 -221043 -6.83292e+06 -167807 -191283
1876 -7.90509e+06 -194191 -221279 -6.83292e+06 -167807 -191283
1878 -7.91352e+06 -194398 -221515 -6.83292e+06 -167807 -191283
1880 -7.92195e+06 -194605 -221751 -6.83292e+06 -167807 -191283
1882 -7.93038e+06 -194812 -221987 -6.83292e+06 -167807 -191283
1884 -7.9388e+06 -195019 -222223 -6.83292e+06 -167807 -191283
1886 -7.94723e+06 -195226 -222459 -6.83292e+06 -167807 -191283
1888 -7.95566e+06 -195433 -222695 -6.83292e+06 -167807 -191283
1890 -7.96409e+06 -195640 -222931 -6.83292e+06 -167807 -191283
1892 -7.97252e+06 -195847 -223167 -6.83292e+06 -167807 -191283
1894 -7.98094e+06 -196054 -223403 -6.83292e+06 -167807 -191283
1896 -7.98937e+06 -196261 -223639 -6.83292e+06 -167807 -191283
1898 -7.9978e+06 -196468 -223874 -6.83292e+06 -167807 -191283
1900 -8.00623e+06 -196675 -224110 -6.83292e+06 -167807 -191283
1902 -8.01465e+06 -196882 -224346 -6.83292e+06 -167807 -191283
1904 -8.02308e+06 -197089 -224582 -6.83292e+06 -167807 -191283
1906 -8.03151e+06 -197296 -224818 -6.83292e+06 -167807 -191283
1908 -8.03994e+06 -197503 -225054 -6.83292e+06 -167807 -191283
1910 -8.04837e+06 -197710 -225290 -6.83292e+06 -167807 -191283
1912 -8.05679e+06 -197917 -225526 -6.83292e+06 -167807 -191283
1914 -8.06522e+06 -198124 -225762 -6.83292e+06 -167807 -191283
1916 -8.07365e+06 -198331 -225998 -6.83292e+06 -167807 -191283
1918 -8.08208e+06 -198538 -226234 -6.83292e+06 -167807 -191283
1920 -8.09051e+06 -198745 -226470 -6.83292e+06 -167807 -191283
1922 -8.09893e+06 -198952 -226706 -6.83292e+06 -167807 -191283
1924 -8.10736e+06 -199159 -226942 -6.83292e+06 -167807 -191283
1926 -8.11579e+06 -199366 -227178 -6.83292e+06 -167807 -191283
1928 -8.12422e+06 -199573 -227413 -6.83292e+06 -167807 -191283
1930 -8.13264e+06 -199780 -227649 -6.83292e+06 -167807 -191283
1932 -8.14107e+06 -199987 -227885 -6.83292e+06 -167807 -191283
1934 -8.1495e+06 -200194 -228121 -6.83292e+06 -167807 -191283
1936 -8.15793e+06 -200401 -228357 -6.83292e+06 -167807 -191283
1938 -8.16636e+06 -200608 -228593 -6.83292e+06 -167807 -191283
1940 -8.17478e+06 -200815 -228829 -6.83292e+06 -167807 -191283
1942 -8.18321e+06 -201022 -229065 -6.83292e+06 -167807 -191283
1944 -8.19164e+06 -201229 -229301 -6.83292e+06 -167807 -191283
1946 -8.20007e+06 -201436 -229537 -6.83292e+06 -167807 -191283
1948 -8.20849e+06 -201643 -229773 -6.83292e+06 -167807 -191283
1950 -8.21692e+06 -201850 -230009 -6.83292e+06 -167807 -191283
1952 -8.22535e+06 -202056 -230245 -6.83292e+06 -167807 -191283
1954 -8.23378e+06 -202263 -230481 -6.83292e+06 -167807 -191283
1956 -8.24221e+06 -202470 -230717 -6.83292e+06 -167807 -191283
1958 -8.25063e+06 -202677 -230952 -6.83292e+06 -167807 -191283
1960 -8.25906e+06 -202884 -231188 -6.83292e+06 -167807 -191283
1962 -8.26749e+06 -203091 -231424 -6.83292e+06 -167807 -191283
1964 -8.27592e+06 -203298 -231660 -6.83292e+06 -167807 -191283
1966 -8.28435e+06 -203505 -231896 -6.83292e+06 -167807 -191283
1968 -8.29277e+06 -203712 -232132 -6.83292e+06 -167807 -191283
1970 -8.3012e+06 -203919 -232368 -6.83292e+06 -167807 -191283
1972 -8.30963e+06 -204126 -232604 -6.83292e+06 -167807 -191283
1974 -8.31806e+06 -204333 -232840 -6.83292e+06 -167807 -191283
1976 -8.32648e+06 -204540 -233076 -6.83292e+06 -167807 -191283
1978 -8.33491e+06 -204747 -233312 -6.83292e+06 -167807 -191283
1980 -8.34334e+06 -204954 -233548 -6.83292e+06 -167807 -191283
1982 -8.35177e+06 -205161 -233784 -6.83292e+06 -167807 -191283
1984 -8.3602e+06 -205368 -234020 -6.83292e+06 -167807 -191283
1986 -8.36862e+06 -205575 -234255 -6.83292e+06 -167807 -191283
1988 -8.37705e+06 -205782 -234491 -6.83292e+06 -167807 -191283
1990 -8.38548e+06 -205989 -234727 -6.83292e+06 -167807 -191283
1992 -8.39391e+06 -206196 -234963 -6.83292e+06 -167807 -191283
1994 -8.40234e+06 -206403 -235199 -6.83292e+06 -167807 -191283
1996 -8.41076e+06 -206610 -235435 -6.83292e+06 -167807 -191283
1998 -8.41919e+06 -206817 -235671 -6.83292e+06 -167807 -191283
2000 -8.42762e+06 -207024 -235907 -6.83292e+06 -167807 -191283
2002 -8.43605e+06 -207231 -236143 -6.83292e+06 -167807 -191283
2004 -8.44447e+06 -207438 -236379 -6.83292e+06 -167807 -191283
2006 -8.4529e+06 -207645 -236615 -6.83292e+06 -167807 -191283
2008 -8.46133e+06 -207852 -236851 -6.83292e+06 -167807 -191283
2010 -8.46976e+06 -208059 -237087 -6.83292e+06 -167807 -191283
2012 -8.47819e+06 -208266 -237323 -6.83292e+06 -167807 -191283
2014 -8.48661e+06 -208473 -237559 -6.83292e+06 -167807 -191283
2016 -8.49504e+06 -208680 -237794 -6.83292e+06 -167807 -191283
2018 -8.50347e+06 -208887 -238030 -6.83292e+06 -167807 -191283
2020 -8.5119e+06 -209094 -238266 -6.83292e+06 -167807 -191283
2022 -8.52033e+06 -209301 -238502 -6.83292e+06 -167807 -191283
2024 -8.52875e+06 -209508 -238738 -6.83292e+06 -167807 -191283
2026 -8.53718e+06 -209715 -238974 -6.83292e+06 -167807 -191283
2028 -8.54561e+06 -209922 -239210 -6.83292e+06 -167807 -191283
2030 -8.55404e+06 -210129 -239446 -6.83292e+06 -167807 -191283
2032 -8.56246e+06 -210336 -239682 -6.83292e+06 -167807 -191283
2034 -8.57089e+06 -210543 -239918 -6.83292e+06 -167807 -191283
2036 -8.57932e+06 -210750 -240154 -6.83292e+06 -167807 -191283
2038 -8.58775e+06 -210956 -240390 -6.83292e+06 -167807 -191283
2040 -8.59618e+06 -211163 -240626 -6.83292e+06 -167807 -191283
2042 -8.6046e+06 -211370 -240862 -6.83292e+06 -167807 -191283
2044 -8.61303e+06 -211577 -241098 -6.83292e+06 -167807 -191283
2046 -8.62146e+06 -211784 -241333 -6.83292e+06 -167807 -191283
2048 -8.62989e+06 -211991 -241569 -6.83292e+06 -167807 -191283
2050 -8.63831e+06 -212198 -241805 -6.83292e+06 -167807 -191283
2052 -8.64674e+06 -212405 -242041 -6.83292e+06 -167807 -191283
2054 -8.65517e+06 -212612 -242277 -6.83292e+06 -167807 -191283
2056 -8.6636e+06 -212819 -242513 -6.83292e+06 -167807 -191283
2058 -8.67203e+06 -213026 -242749 -6.83292e+06 -167807 -191283
2060 -8.68045e+06 -213233 -242985 -6.83292e+06 -167807 -191283
2062 -8.68888e+06 -213440 -243221 -6.83292e+06 -167807 -191283
2064 -8.69731e+06 -213647 -243457 -6.83292e+06 -167807 -191283
2066 -8.70574e+06 -213854 -243693 -6.83292e+06 -167807 -191283
2068 -8.71417e+06 -214061 -243929 -6.83292e+06 -167807 -191283
2070 -8.72259e+06 -214268 -244165 -6.83292e+06 -167807 -191283
2072 -8.73102e+06 -214475 -244401 -6.83292e+06 -167807 -191283
2074 -8.73945e+06 -214682 -244636 -6.83292e+06 -167807 -191283
2076 -8.74788e+06 -214889 -244872 -6.83292e+06 -167807 -191283
2078 -8.7563e+06 -215096 -245108 -6.83292e+06 -167807 -191283
2080 -8.76473e+06 -215303 -245344 -6.83292e+06 -167807 -191283
2082 -8.77316e+06 -215510 -245580 -6.83292e+06 -167807 -191283
2084 -8.78159e+06 -215717 -245816 -6.83292e+06 -167807 -191283
2086 -8.79002e+06 -215924 -246052 -6.83292e+06 -167807 -191283
2088 -8.79844e+06 -216131 -246288 -6.83292e+06 -167807 -191283
2090 -8.80687e+06 -216338 -246524 -6.83292e+06 -167807 -191283
2092 -8.8153e+06 -216545 -246760 -6.83292e+06 -167807 -191283
2094 -8.82373e+06 -216752 -246996 -6.83292e+06 -167807 -191283
2096 -8.83216e+06 -216959 -247232 -6.83292e+06 -167807 -191283
2098 -8.84058e+06 -217166 -247468 -6.83292e+06 -167807 -191283
2100 -8.84901e+06 -217373 -247704 -6.83292e+06 -167807 -191283
2102 -8.85744e+06 -217580 -247940 -6.83292e+06 -167807 -191283
2104 -8.86587e+06 -217787 -248175 -6.83292e+06 -167807 -191283
2106 -8.87429e+06 -217994 -248411 -6.83292e+06 -167807 -191283
2108 -8.88272e+06 -218201 -248647 -6.83292e+06 -167807 -191283
2110 -8.89115e+06 -218408 -248883 -6.83292e+06 -167807 -191283
2112 -8.89958e+06 -218615 -249119 -6.83292e+06 -167807 -191283
2114 -8.90801e+06 -218822 -249355 -6.83292e+06 -167807 -191283
2116 -8.91643e+06 -219029 -249591 -6.83292e+06 -167807 -191283
2118 -8.92486e+06 -219236 -249827 -6.83292e+06 -167807 -191283
2120 -8.93329e+06 -219443 -250063 -6.83292e+06 -167807 -191283
2122 -8.94172e+06 -219650 -250299 -6.83292e+06 -167807 -191283
2124 -8.95015e+06 -219856 -250535 -6.83292e+06 -167807 -191283
2126 -8.95857e+06 -220063 -250771 -6.83292e+06 -167807 -191283
2128 -8.967e+06 -220270 -251007 -6.83292e+06 -167807 -191283
2130 -8.97543e+06 -220477 -251243 -6.83292e+06 -167807 -191283
2132 -8.98386e+06 -220684 -251478 -6.83292e+06 -167807 -191283
2134 -8.99228e+06 -220891 -251714 -6.83292e+06 -167807 -191283
2136 -9.00071e+06 -221098 -251950 -6.83292e+06 -167807 -191283
2138 -9.00914e+06 -221305 -252186 -6.83292e+06 -167807 -191283
2140 -9.01757e+06 -221512 -252422 -6.83292e+06 -167807 -191283
2142 -9.026e+06 -221719 -252658 -6.83292e+06 -167807 -191283
2144 -9.03442e+06 -221926 -252894 -6.83292e+06 -167807 -191283
2146 -9.04285e+06 -222133 -253130 -6.83292e+06 -167807 -191283
2148 -9.05128e+06 -222340 -253366 -6.83292e+06 -167807 -191283
2150 -9.05971e+06 -222547 -253602 -6.83292e+06 -167807 -191283
2152 -9.06813e+06 -222754 -253838 -6.83292e+06 -167807 -191283
2154 -9.07656e+06 -222961 -254074 -6.83292e+06 -167807 -191283
2156 -9.08499e+06 -223168 -254310 -6.83292e+06 -167807 -191283
2158 -9.09342e+06 -223375 -254546 -6.83292e+06 -167807 -191283
2160 -9.10185e+06 -223582 -254782 -6.83292e+06 -167807 -191283
2162 -9.11027e+06 -223789 -255017 -6.83292e+06 -167807 -191283
2164 -9.1187e+06 -223996 -255253 -6.83292e+06 -167807 -191283
2166 -9.12713e+06 -224203 -255489 -6.83292e+06 -167807 -191283
2168 -9.13556e+06 -224410 -255725 -6.83292e+06 -167807 -191283
2170 -9.14399e+06 -224617 -255961 -6.83292e+06 -167807 -191283
2172 -9.15241e+06 -224824 -256197 -6.83292e+06 -167807 -191283
2174 -9.16084e+06 -225031 -256433 -6.83292e+06 -167807 -191283
2176 -9.16927e+06 -225238 -256669 -6.83292e+06 -167807 -191283
2178 -9.1777e+06 -225445 -256905 -6.83292e+06 -167807 -191283
2180 -9.18612e+06 -225652 -257141 -6.83292e+06 -167807 -191283
2182 -9.19455e+06 -225859 -257377 -6.83292e+06 -167807 -191283
2184 -9.20298e+06 -226066 -257613 -6.83292e+06 -167807 -191283
2186 -9.21141e+06 -226273 -257849 -6.83292e+06 -167807 -191283
2188 -9.21984e+06 -226480 -258085 -6.83292e+06 -167807 -191283
2190 -9.22826e+06 -226687 -258321 -6.83292e+06 -167807 -191283
2192 -9.23669e+06 -226894 -258556 -6.83292e+06 -167807 -191283
2194 -9.24512e+06 -227101 -258792 -6.83292e+06 -167807 -191283
2196 -9.25355e+06 -227308 -259028 -6.83292e+06 -167807 -191283
2198 -9.26198e+06 -227515 -259264 -6.83292e+06 -167807 -191283
2200 -9.2704e+06 -227722 -259500 -6.83292e+06 -167807 -191283
2202 -9.27883e+06 -227929 -259736 -6.83292e+06 -167807 -191283
2204 -9.28726e+06 -228136 -259972 -6.83292e+06 -167807 -191283
2206 -9.29569e+06 -228343 -260208 -6.83292e+06 -167807 -191283
2208 -9.30411e+06 -228549 -260444 -6.83292e+06 -167807 -191283
2210 -9.31254e+06 -228756 -260680 -6.83292e+06 -167807 -191283
2212 -9.32097e+06 -228963 -260916 -6.83292e+06 -167807 -191283
2214 -9.3294e+06 -229170 -261152 -6.83292e+06 -167807 -191283
2216 -9.33783e+06 -229377 -261388 -6.83292e+06 -167807 -191283
2218 -9.34625e+06 -229584 -261624 -6.83292e+06 -167807 -191283
2220 -9.35468e+06 -229791 -261859 -6.83292e+06 -167807 -191283
2222 -9.36311e+06 -229998 -262095 -6.83292e+06 -167807 -191283
2224 -9.37154e+06 -230205 -262331 -6.83292e+06 -167807 -191283
2226 -9.37997e+06 -230412 -262567 -6.83292e+06 -167807 -191283
2228 -9.38839e+06 -230619 -262803 -6.83292e+06 -167807 -191283
2230 -9.39682e+06 -230826 -263039 -6.83292e+06 -167807 -191283
2232 -9.40525e+06 -231033 -263275 -6.83292e+06 -167807 -191283
2234 -9.41368e+06 -231240 -263511 -6.83292e+06 -167807 -191283
2236 -9.4221e+06 -231447 -263747 -6.83292e+06 -167807 -191283
2238 -9.43053e+06 -231654 -263983 -6.83292e+06 -167807 -191283
2240 -9.43896e+06 -231861 -264219 -6.83292e+06 -167807 -191283
2242 -9.44739e+06 -232068 -264455 -6.83292e+06 -167807 -191283
2244 -9.45582e+06 -232275 -264691 -6.83292e+06 -167807 -191283
2246 -9.46424e+06 -232482 -264927 -6.83292e+06 -167807 -191283
2248 -9.47267e+06 -232689 -265163 -6.83292e+06 -167807 -191283
2250 -9.4811e+06 -232896 -265398 -6.83292e+06 -167807 -191283
2252 -9.48953e+06 -233103 -265634 -6.83292e+06 -167807 -191283
2254 -9.49795e+06 -233310 -265870 -6.83292e+06 -167807 -191283
2256 -9.50638e+06 -233517 -266106 -6.83292e+06 -167807 -191283
2258 -9.51481e+06 -233724 -266342 -6.83292e+06 -167807 -191283
2260 -9.52324e+06 -233931 -266578 -6.83292e+06 -167807 -191283
2262 -9.53167e+06 -234138 -266814 -6.83292e+06 -167807 -191283
2264 -9.54009e+06 -234345 -267050 -6.83292e+06 -167807 -191283
2266 -9.54852e+06 -234552 -267286 -6.83292e+06 -167807 -191283
2268 -9.55695e+06 -234759 -267522 -6.83292e+06 -167807 -191283
2270 -9.56538e+06 -234966 -267758 -6.83292e+06 -167807 -191283
2272 -9.57381e+06 -235173 -267994 -6.83292e+06 -167807 -191283
2274 -9.58223e+06 -235380 -268230 -6.83292e+06 -167807 -191283
2276 -9.59066e+06 -235587 -268466 -6.83292e+06 -167807 -191283
2278 -9.59909e+06 -235794 -268702 -6.83292e+06 -167807 -191283
2280 -9.60752e+06 -236001 -268937 -6.83292e+06 -167807 -191283
2282 -9.61594e+06 -236208 -269173 -6.83292e+06 -167807 -191283
2284 -9.62437e+06 -236415 -269409 -6.83292e+06 -167807 -191283
2286 -9.6328e+06 -236622 -269645 -6.83292e+06 -167807 -191283
2288 -9.64123e+06 -236829 -269881 -6.83292e+06 -167807 -191283
2290 -9.64966e+06 -237036 -270117 -6.83292e+06 -167807 -191283
2292 -9.65808e+06 -237243 -270353 -6.83292e+06 -167807 -191283
2294 -9.66651e+06 -237449 -270589 -6.83292e+06 -167807 -191283
2296 -9.67494e+06 -237656 -270825 -6.83292e+06 -167807 -191283
2298 -9.68337e+06 -237863 -271061 -6.83292e+06 -167807 -191283
2300 -9.6918e+06 -238070 -271297 -6.83292e+06 -167807 -191283
2302 -9.70022e+06 -238277 -271533 -6.83292e+06 -167807 -191283
2304 -9.70865e+06 -238484 -271769 -6.83292e+06 -167807 -191283
2306 -9.71708e+06 -238691 -272005 -6.83292e+06 -167807 -191283
2308 -9.72551e+06 -238898 -272240 -6.83292e+06 -167807 -191283
2310 -9.73393e+06 -239105 -272476 -6.83292e+06 -167807 -191283
2312 -9.74236e+06 -239312 -272712 -6.83292e+06 -167807 -191283
2314 -9.75079e+06 -239519 -272948 -6.83292e+06 -167807 -191283
2316 -9.75922e+06 -239726 -273184 -6.83292e+06 -167807 -191283
2318 -9.76765e+06 -239933 -273420 -6.83292e+06 -167807 -191283
2320 -9.77607e+06 -240140 -273656 -6.83292e+06 -167807 -191283
2322 -9.7845e+06 -240347 -273892 -6.83292e+06 -167807 -191283
2324 -9.79293e+06 -240554 -274128 -6.83292e+06 -167807 -191283
2326 -9.80136e+06 -240761 -274364 -6.83292e+06 -167807 -191283
2328 -9.80979e+06 -240968 -274600 -6.83292e+06 -167807 -191283
2330 -9.81821e+06 -241175 -274836 -6.83292e+06 -167807 -191283
2332 -9.82664e+06 -241382 -275072 -6.83292e+06 -167807 -191283
2334 -9.83507e+06 -241589 -275308 -6.83292e+06 -167807 -191283
2336 -9.8435e+06 -241796 -275544 -6.83292e+06 -167807 -191283
2338 -9.85192e+06 -242003 -275779 -6.83292e+06 -167807 -191283
2340 -9.86035e+06 -242210 -276015 -6.83292e+06 -167807 -191283
2342 -9.86878e+06 -242417 -276251 -6.83292e+06 -167807 -191283
2344 -9.87721e+06 -242624 -276487 -6.83292e+06 -167807 -191283
2346 -9.88564e+06 -242831 -276723 -6.83292e+06 -167807 -191283
2348 -9.89406e+06 -243038 -276959 -6.83292e+06 -167807 -191283
2350 -9.90249e+06 -243245 -277195 -6.83292e+06 -167807 -191283
2352 -9.91092e+06 -243452 -277431 -6.83292e+06 -167807 -191283
2354 -9.91935e+06 -243659 -277667 -6.83292e+06 -167807 -191283
2356 -9.92778e+06 -243866 -277903 -6.83292e+06 -167807 -191283
2358 -9.9362e+06 -244073 -278139 -6.83292e+06 -167807 -191283
2360 -9.94463e+06 -244280 -278375 -6.83292e+06 -167807 -191283
2362 -9.95306e+06 -244487 -278611 -6.83292e+06 -167807 -191283
2364 -9.96149e+06 -244694 -278847 -6.83292e+06 -167807 -191283
2366 -9.96991e+06 -244901 -279083 -6.83292e+06 -167807 -191283
2368 -9.97834e+06 -245108 -279318 -6.83292e+06 -167807 -191283
2370 -9.98677e+06 -245315 -279554 -6.83292e+06 -167807 -191283
2372 -9.9952e+06 -245522 -279790 -6.83292e+06 -167807 -191283
2374 -1.00036e+07 -245729 -280026 -6.83292e+06 -167807 -191283
2376 -1.00121e+07 -245936 -280262 -6.83292e+06 -167807 -191283
2378 -1.00205e+07 -246143 -280498 -6.83292e+06 -167807 -191283
2380 -1.00289e+07 -246349 -280734 -6.83292e+06 -167807 -191283
2382 -1.00373e+07 -246556 -280970 -6.83292e+06 -167807 -191283
2384 -1.00458e+07 -246763 -281206 -6.83292e+06 -167807 -191283
2386 -1.00542e+07 -246970 -281442 -6.83292e+06 -167807 -191283
2388 -1.00626e+07 -247177 -281678 -6.83292e+06 -167807 -191283
2390 -1.0071e+07 -247384 -281914 -6.83292e+06 -167807 -191283
2392 -1.00795e+07 -247591 -282150 -6.83292e+06 -167807 -191283
2394 -1.00879e+07 -247798 -282386 -6.83292e+06 -167807 -191283
2396 -1.00963e+07 -248005 -282621 -6.83292e+06 -167807 -191283
2398 -1.01048e+07 -248212 -282857 -6.83292e+06 -167807 -191283
2400 -1.01132e+07 -248419 -283093 -6.83292e+06 -167807 -191283
2402 -1.01216e+07 -248626 -283329 -6.83292e+06 -167807 -191283
2404 -1.013e+07 -248833 -283565 -6.83292e+06 -167807 -191283
2406 -1.01385e+07 -249040 -283801 -6.83292e+06 -167807 -191283
2408 -1.01469e+07 -249247 -284037 -6.83292e+06 -167807 -191283
2410 -1.01553e+07 -249454 -284273 -6.83292e+06 -167807 -191283
2412 -1.01638e+07 -249661 -284509 -6.83292e+06 -167807 -191283
2414 -1.01722e+07 -249868 -284745 -6.83292e+06 -167807 -191283
2416 -1.01806e+07 -250075 -284981 -6.83292e+06 -167807 -191283
2418 -1.0189e+07 -250282 -285217 -6.83292e+06 -167807 -191283
2420 -1.01975e+07 -250489 -285453 -6.83292e+06 -167807 -191283
2422 -1.02059e+07 -250696 -285689 -6.83292e+06 -167807 -191283
2424 -1.02143e+07 -250903 -285925 -6.83292e+06 -167807 -191283
2426 -1.02227e+07 -251110 -286160 -6.83292e+06 -167807 -191283
2428 -1.02312e+07 -251317 -286396 -6.83292e+06 -167807 -191283
2430 -1.02396e+07 -251524 -286632 -6.83292e+06 -167807 -191283
2432 -1.0248e+07 -251731 -286868 -6.83292e+06 -167807 -191283
2434 -1.02565e+07 -251938 -287104 -6.83292e+06 -167807 -191283
2436 -1.02649e+07 -252145 -287340 -6.83292e+06 -167807 -191283
2438 -1.02733e+07 -252352 -287576 -6.83292e+06 -167807 -191283
2440 -1.02817e+07 -252559 -287812 -6.83292e+06 -167807 -191283
2442 -1.02902e+07 -252766 -288048 -6.83292e+06 -167807 -191283
2444 -1.02986e+07 -252973 -288284 -6.83292e+06 -167807 -191283
2446 -1.0307e+07 -253180 -288520 -6.83292e+06 -167807 -191283
2448 -1.03155e+07 -253387 -288756 -6.83292e+06 -167807 -191283
2450 -1.03239e+07 -253594 -288992 -6.83292e+06 -167807 -191283
2452 -1.03323e+07 -253801 -289228 -6.83292e+06 -167807 -191283
2454 -1.03407e+07 -254008 -289464 -6.83292e+06 -167807 -191283
2456 -1.03492e+07 -254215 -289699 -6.83292e+06 -167807 -191283
2458 -1.03576e+07 -254422 -289935 -6.83292e+06 -167807 -191283
2460 -1.0366e+07 -254629 -290171 -6.83292e+06 -167807 -191283
2462 -1.03745e+07 -254836 -290407 -6.83292e+06 -167807 -191283
2464 -1.03829e+07 -255043 -290643 -6.83292e+06 -167807 -191283
2466 -1.03913e+07 -255249 -290879 -6.83292e+06 -167807 -191283
2468 -1.03997e+07 -255456 -291115 -6.83292e+06 -167807 -191283
2470 -1.04082e+07 -255663 -291351 -6.83292e+06 -167807 -191283
2472 -1.04166e+07 -255870 -291587 -6.83292e+06 -167807 -191283
2474 -1.0425e+07 -256077 -291823 -6.83292e+06 -167807 -191283
2476 -1.04334e+07 -256284 -292059 -6.83292e+06 -167807 -191283
2478 -1.04419e+07 -256491 -292295 -6.83292e+06 -167807 -191283
2480 -1.04503e+07 -256698 -292531 -6.83292e+06 -167807 -191283
2482 -1.04587e+07 -256905 -292767 -6.83292e+06 -167807 -191283
2484 -1.04672e+07 -257112 -293002 -6.83292e+06 -167807 -191283
2486 -1.04756e+07 -257319 -293238 -6.83292e+06 -167807 -191283
2488 -1.0484e+07 -257526 -293474 -6.83292e+06 -167807 -191283
2490 -1.04924e+07 -257733 -293710 -6.83292e+06 -167807 -191283
2492 -1.05009e+07 -257940 -293946 -6.83292e+06 -167807 -191283
2494 -1.05093e+07 -258147 -294182 -6.83292e+06 -167807 -191283
2496 -1.05177e+07 -258354 -294418 -6.83292e+06 -167807 -191283
2498 -1.05262e+07 -258561 -294654 -6.83292e+06 -167807 -191283
2500 -1.05346e+07 -258768 -294890 -6.83292e+06 -167807 -191283
2502 -1.0543e+07 -258975 -295126 -6.83292e+06 -167807 -191283
2504 -1.05514e+07 -259182 -295362 -6.83292e+06 -167807 -191283
2506 -1.05599e+07 -259389 -295598 -6.83292e+06 -167807 -191283
2508 -1.05683e+07 -259596 -295834 -6.83292e+06 -167807 -191283
2510 -1.05767e+07 -259803 -296070 -6.83292e+06 -167807 -191283
2512 -1.05851e+07 -260010 -296306 -6.83292e+06 -167807 -191283
2514 -1.05936e+07 -260217 -296541 -6.83292e+06 -167807 -191283
2516 -1.0602e+07 -260424 -296777 -6.83292e+06 -167807 -191283
2518 -1.06104e+07 -260631 -297013 -6.83292e+06 -167807 -191283
2520 -1.06189e+07 -260838 -297249 -6.83292e+06 -167807 -191283
2522 -1.06273e+07 -261045 -297485 -6.83292e+06 -167807 -191283
2524 -1.06357e+07 -261252 -297721 -6.83292e+06 -167807 -191283
2526 -1.06441e+07 -261459 -297957 -6.83292e+06 -167807 -191283
2528 -1.06526e+07 -261666 -298193 -6.83292e+06 -167807 -191283
2530 -1.0661e+07 -261873 -298429 -6.83292e+06 -167807 -191283
2532 -1.06694e+07 -262080 -298665 -6.83292e+06 -167807 -191283
2534 -1.06779e+07 -262287 -298901 -6.83292e+06 -167807 -191283
2536 -1.06863e+07 -262494 -299137 -6.83292e+06 -167807 -191283
2538 -1.06947e+07 -262701 -299373 -6.83292e+06 -167807 -191283
2540 -1.07031e+07 -262908 -299609 -6.83292e+06 -167807 -191283
2542 -1.07116e+07 -263115 -299845 -6.83292e+06 -167807 -191283
2544 -1.072e+07 -263322 -300080 -6.83292e+06 -167807 -191283
2546 -1.07284e+07 -263529 -300316 -6.83292e+06 -167807 -191283
2548 -1.07368e+07 -263736 -300552 -6.83292e+06 -167807 -191283
2550 -1.07453e+07 -263942 -300788 -6.83292e+06 -167807 -191283
2552 -1.07537e+07 -264149 -301024 -6.83292e+06 -167807 -191283
2554 -1.07621e+07 -264356 -301260 -6.83292e+06 -167807 -191283
2556 -1.07706e+07 -264563 -301496 -6.83292e+06 -167807 -191283
2558 -1.0779e+07 -264770 -301732 -6.83292e+06 -167807 -191283
2560 -1.07874e+07 -264977 -301968 -6.83292e+06 -167807 -191283
2562 -1.07958e+07 -265184 -302204 -6.83292e+06 -167807 -191283
2564 -1.08043e+07 -265391 -302440 -6.83292e+06 -167807 -191283
2566 -1.08127e+07 -265598 -302676 -6.83292e+06 -167807 -191283
2568 -1.08211e+07 -265805 -302912 -6.83292e+06 -167807 -191283
2570 -1.08296e+07 -266012 -303148 -6.83292e+06 -167807 -191283
2572 -1.0838e+07 -266219 -303383 -6.83292e+06 -167807 -191283
2574 -1.08464e+07 -266426 -303619 -6.83292e+06 -167807 -191283
2576 -1.08548e+07 -266633 -303855 -6.83292e+06 -167807 -191283
2578 -1.08633e+07 -266840 -304091 -6.83292e+06 -167807 -191283
2580 -1.08717e+07 -267047 -304327 -6.83292e+06 -167807 -191283
2582 -1.08801e+07 -267254 -304563 -6.83292e+06 -167807 -191283
2584 -1.08885e+07 -267461 -304799 -6.83292e+06 -167807 -191283
2586 -1.0897e+07 -267668 -305035 -6.83292e+06 -167807 -191283
2588 -1.09054e+07 -267875 -305271 -6.83292e+06 -167807 -191283
2590 -1.09138e+07 -268082 -305507 -6.83292e+06 -167807 -191283
2592 -1.09223e+07 -268289 -305743 -6.83292e+06 -167807 -191283
2594 -1.09307e+07 -268496 -305979 -6.83292e+06 -167807 -191283
2596 -1.09391e+07 -268703 -306215 -6.83292e+06 -167807 -191283
2598 -1.09475e+07 -268910 -306451 -6.83292e+06 -167807 -191283
2600 -1.0956e+07 -269117 -306687 -6.83292e+06 -167807 -191283
2602 -1.09644e+07 -269324 -306922 -6.83292e+06 -167807 -191283
2604 -1.09728e+07 -269531 -307158 -6.83292e+06 -167807 -191283
2606 -1.09813e+07 -269738 -307394 -6.83292e+06 -167807 -191283
2608 -1.09897e+07 -269945 -307630 -6.83292e+06 -167807 -191283
2610 -1.09981e+07 -270152 -307866 -6.83292e+06 -167807 -191283
2612 -1.10065e+07 -270359 -308102 -6.83292e+06 -167807 -191283
2614 -1.1015e+07 -270566 -308338 -6.83292e+06 -167807 -191283
2616 -1.10234e+07 -270773 -308574 -6.83292e+06 -167807 -191283
2618 -1.10318e+07 -270980 -308810 -6.83292e+06 -167807 -191283
2620 -1.10403e+07 -271187 -309046 -6.83292e+06 -167807 -191283
2622 -1.10487e+07 -271394 -309282 -6.83292e+06 -167807 -191283
2624 -1.10571e+07 -271601 -309518 -6.83292e+06 -167807 -191283
2626 -1.10655e+07 -271808 -309754 -6.83292e+06 -167807 -191283
2628 -1.1074e+07 -272015 -309990 -6.83292e+06 -167807 -191283
2630 -1.10824e+07 -272222 -310226 -6.83292e+06 -167807 -191283
2632 -1.10908e+07 -272429 -310461 -6.83292e+06 -167807 -191283
2634 -1.10992e+07 -272636 -310697 -6.83292e+06 -167807 -191283
2636 -1.11077e+07 -272842 -310933 -6.83292e+06 -167807 -191283
2638 -1.11161e+07 -273049 -311169 -6.83292e+06 -167807 -191283
2640 -1.11245e+07 -273256 -311405 -6.83292e+06 -167807 -191283
2642 -1.1133e+07 -273463 -311641 -6.83292e+06 -167807 -191283
2644 -1.11414e+07 -273670 -311877 -6.83292e+06 -167807 -191283
2646 -1.11498e+07 -273877 -312113 -6.83292e+06 -167807 -191283
2648 -1.11582e+07 -274084 -312349 -6.83292e+06 -167807 -191283
2650 -1.11667e+07 -274291 -312585 -6.83292e+06 -167807 -191283
2652 -1.11751e+07 -274498 -312821 -6.83292e+06 -167807 -191283
2654 -1.11835e+07 -274705 -313057 -6.83292e+06 -167807 -191283
2656 -1.1192e+07 -274912 -313293 -6.83292e+06 -167807 -191283
2658 -1.12004e+07 -275119 -313529 -6.83292e+06 -167807 -191283
2660 -1.12088e+07 -275326 -313764 -6.83292e+06 -167807 -191283
2662 -1.12172e+07 -275533 -314000 -6.83292e+06 -167807 -191283
2664 -1.12257e+07 -275740 -314236 -6.83292e+06 -167807 -191283
2666 -1.12341e+07 -275947 -314472 -6.83292e+06 -167807 -191283
2668 -1.12425e+07 -276154 -314708 -6.83292e+06 -167807 -191283
2670 -1.12509e+07 -276361 -314944 -6.83292e+06 -167807 -191283
2672 -1.12594e+07 -276568 -315180 -6.83292e+06 -167807 -191283
2674 -1.12678e+07 -276775 -315416 -6.83292e+06 -167807 -191283
2676 -1.12762e+07 -276982 -315652 -6.83292e+06 -167807 -191283
2678 -1.12847e+07 -277189 -315888 -6.83292e+06 -167807 -191283
2680 -1.12931e+07 -277396 -316124 -6.83292e+06 -167807 -191283
2682 -1.13015e+07 -277603 -316360 -6.83292e+06 -167807 -191283
2684 -1.13099e+07 -277810 -316596 -6.83292e+06 -167807 -191283
2686 -1.13184e+07 -278017 -316832 -6.83292e+06 -167807 -191283
2688 -1.13268e+07 -278224 -317068 -6.83292e+06 -167807 -191283
2690 -1.13352e+07 -278431 -317303 -6.83292e+06 -167807 -191283
2692 -1.13437e+07 -278638 -317539 -6.83292e+06 -167807 -191283
2694 -1.13521e+07 -278845 -317775 -6.83292e+06 -167807 -191283
2696 -1.13605e+07 -279052 -318011 -6.83292e+06 -167807 -191283
2698 -1.13689e+07 -279259 -318247 -6.83292e+06 -167807 -191283
2700 -1.13774e+07 -279466 -318483 -6.83292e+06 -167807 -191283
2702 -1.13858e+07 -279673 -318719 -6.83292e+06 -167807 -191283
2704 -1.13942e+07 -279880 -318955 -6.83292e+06 -167807 -191283
2706 -1.14026e+07 -280087 -319191 -6.83292e+06 -167807 -191283
2708 -1.14111e+07 -280294 -319427 -6.83292e+06 -167807 -191283
2710 -1.14195e+07 -280501 -319663 -6.83292e+06 -167807 -191283
2712 -1.14279e+07 -280708 -319899 -6.83292e+06 -167807 -191283
2714 -1.14364e+07 -280915 -320135 -6.83292e+06 -167807 -191283
2716 -1.14448e+07 -281122 -320371 -6.83292e+06 -167807 -191283
2718 -1.14532e+07 -281329 -320607 -6.83292e+06 -167807 -191283
2720 -1.14616e+07 -281536 -320842 -6.83292e+06 -167807 -191283
2722 -1.14701e+07 -281742 -321078 -6.83292e+06 -167807 -191283
2724 -1.14785e+07 -281949 -321314 -6.83292e+06 -167807 -191283
2726 -1.14869e+07 -282156 -321550 -6.83292e+06 -167807 -191283
2728 -1.14954e+07 -282363 -321786 -6.83292e+06 -167807 -191283
2730 -1.15038e+07 -282570 -322022 -6.83292e+06 -167807 -191283
2732 -1.15122e+07 -282777 -322258 -6.83292e+06 -167807 -191283
2734 -1.15206e+07 -282984 -322494 -6.83292e+06 -167807 -191283
2736 -1.15291e+07 -283191 -322730 -6.83292e+06 -167807 -191283
2738 -1.15375e+07 -283398 -322966 -6.83292e+06 -167807 -191283
2740 -1.15459e+07 -283605 -323202 -6.83292e+06 -167807 -191283
2742 -1.15543e+07 -283812 -323438 -6.83292e+06 -167807 -191283
2744 -1.15628e+07 -284019 -323674 -6.83292e+06 -167807 -191283
2746 -1.15712e+07 -284226 -323910 -6.83292e+06 -167807 -191283
2748 -1.15796e+07 -284433 -324145 -6.83292e+06 -167807 -191283
2750 -1.15881e+07 -284640 -324381 -6.83292e+06 -167807 -191283
2752 -1.15965e+07 -284847 -324617 -6.83292e+06 -167807 -191283
2754 -1.16049e+07 -285054 -324853 -6.83292e+06 -167807 -191283
2756 -1.16133e+07 -285261 -325089 -6.83292e+06 -167807 -191283
2758 -1.16218e+07 -285468 -325325 -6.83292e+06 -167807 -191283
2760 -1.16302e+07 -285675 -325561 -6.83292e+06 -167807 -191283
2762 -1.16386e+07 -285882 -325797 -6.83292e+06 -167807 -191283
2764 -1.16471e+07 -286089 -326033 -6.83292e+06 -167807 -191283
2766 -1.16555e+07 -286296 -326269 -6.83292e+06 -167807 -191283
2768 -1.16639e+07 -286503 -326505 -6.83292e+06 -167807 -191283
2770 -1.16723e+07 -286710 -326741 -6.83292e+06 -167807 -191283
2772 -1.16808e+07 -286917 -326977 -6.83292e+06 -167807 -191283
2774 -1.16892e+07 -287124 -327213 -6.83292e+06 -167807 -191283
2776 -1.16976e+07 -287331 -327449 -6.83292e+06 -167807 -191283
2778 -1.17061e+07 -287538 -327684 -6.83292e+06 -167807 -191283
2780 -1.17145e+07 -287745 -327920 -6.83292e+06 -167807 -191283
2782 -1.17229e+07 -287952 -328156 -6.83292e+06 -167807 -191283
2784 -1.17313e+07 -288159 -328392 -6.83292e+06 -167807 -191283
2786 -1.17398e+07 -288366 -328628 -6.83292e+06 -167807 -191283
2788 -1.17482e+07 -288573 -328864 -6.83292e+06 -167807 -191283
2790 -1.17566e+07 -288780 -329100 -6.83292e+06 -167807 -191283
2792 -1.1765e+07 -288987 -329336 -6.83292e+06 -167807 -191283
2794 -1.17735e+07 -289194 -329572 -6.83292e+06 -167807 -191283
2796 -1.17819e+07 -289401 -329808 -6.83292e+06 -167807 -191283
2798 -1.17903e+07 -289608 -330044 -6.83292e+06 -167807 -191283
2800 -1.17988e+07 -289815 -330280 -6.83292e+06 -167807 -191283
2802 -1.18072e+07 -290022 -330516 -6.83292e+06 -167807 -191283
2804 -1.18156e+07 -290229 -330752 -6.83292e+06 -167807 -191283
2806 -1.1824e+07 -290436 -330988 -6.83292e+06 -167807 -191283
2808 -1.18325e+07 -290642 -331223 -6.83292e+06 -167807 -191283
2810 -1.18409e+07 -290849 -331459 -6.83292e+06 -167807 -191283
2812 -1.18493e+07 -291056 -331695 -6.83292e+06 -167807 -191283
2814 -1.18578e+07 -291263 -331931 -6.83292e+06 -167807 -191283
2816 -1.18662e+07 -291470 -332167 -6.83292e+06 -167807 -191283
2818 -1.18746e+07 -291677 -332403 -6.83292e+06 -167807 -191283
2820 -1.1883e+07 -291884 -332639 -6.83292e+06 -167807 -191283
2822 -1.18915e+07 -292091 -332875 -6.83292e+06 -167807 -191283
2824 -1.18999e+07 -292298 -333111 -6.83292e+06 -167807 -191283
2826 -1.19083e+07 -292505 -333347 -6.83292e+06 -167807 -191283
2828 -1.19167e+07 -292712 -333583 -6.83292e+06 -167807 -191283
2830 -1.19252e+07 -292919 -333819 -6.83292e+06 -167807 -191283
2832 -1.19336e+07 -293126 -334055 -6.83292e+06 -167807 -191283
2834 -1.1942e+07 -293333 -334291 -6.83292e+06 -167807 -191283
2836 -1.19505e+07 -293540 -334526 -6.83292e+06 -167807 -191283
2838 -1.19589e+07 -293747 -334762 -6.83292e+06 -167807 -191283
2840 -1.19673e+07 -293954 -334998 -6.83292e+06 -167807 -191283
2842 -1.19757e+07 -294161 -335234 -6.83292e+06 -167807 -191283
2844 -1.19842e+07 -294368 -335470 -6.83292e+06 -167807 -191283
2846 -1.19926e+07 -294575 -335706 -6.83292e+06 -167807 -191283
2848 -1.2001e+07 -294782 -335942 -6.83292e+06 -167807 -191283
2850 -1.20095e+07 -294989 -336178 -6.83292e+06 -167807 -191283
2852 -1.20179e+07 -295196 -336414 -6.83292e+06 -167807 -191283
2854 -1.20263e+07 -295403 -336650 -6.83292e+06 -167807 -191283
2856 -1.20347e+07 -295610 -336886 -6.83292e+06 -167807 -191283
2858 -1.20432e+07 -295817 -337122 -6.83292e+06 -167807 -191283
2860 -1.20516e+07 -296024 -337358 -6.83292e+06 -167807 -191283
2862 -1.206e+07 -296231 -337594 -6.83292e+06 -167807 -191283
2864 -1.20684e+07 -296438 -337830 -6.83292e+06 -167807 -191283
2866 -1.20769e+07 -296645 -338065 -6.83292e+06 -167807 -191283
2868 -1.20853e+07 -296852 -338301 -6.83292e+06 -167807 -191283
2870 -1.20937e+07 -297059 -338537 -6.83292e+06 -167807 -191283
2872 -1.21022e+07 -297266 -338773 -6.83292e+06 -167807 -191283
2874 -1.21106e+07 -297473 -339009 -6.83292e+06 -167807 -191283
2876 -1.2119e+07 -297680 -339245 -6.83292e+06 -167807 -191283
