0 0.0252918 0.00249312 0.00420271 0.341359 -3.19172 0
2 0.0255481 -0.00145126 0.00417548 0.0746092 -3.19725 -0.0439604
4 0.0254792 -0.00537746 0.00409511 -0.183985 -3.16281 -0.0858767
6 0.0251017 -0.00923901 0.00396511 -0.424614 -3.09352 -0.124226
8 0.024442 -0.0129974 0.00379054 -0.640544 -2.99689 -0.158033
10 0.0235331 -0.016624 0.00357731 -0.828433 -2.88119 -0.186894
12 0.0224101 -0.0201002 0.00333152 -0.987832 -2.7541 -0.21087
14 0.0211074 -0.0234159 0.00305899 -1.12032 -2.62193 -0.230331
16 0.0196564 -0.0265679 0.00276497 -1.22861 -2.48945 -0.245808
18 0.0180852 -0.0295582 0.00245402 -1.31589 -2.35994 -0.257882
20 0.0164177 -0.0323916 0.00212999 -1.38534 -2.23551 -0.267114
22 0.0146739 -0.0350754 0.00179606 -1.43991 -2.11736 -0.274009
24 0.0128707 -0.0376176 0.00145483 -1.48218 -2.00606 -0.279002
26 0.0110218 -0.0400269 0.00110843 -1.51435 -1.90176 -0.282458
28 0.00913845 -0.0423117 0.000758564 -1.53827 -1.80432 -0.284677
30 0.0072299 -0.0444805 0.00040659 -1.55545 -1.71345 -0.285905
32 0.00530366 -0.0465411 5.36095e-05 -1.56715 -1.62878 -0.286339
34 0.00336584 -0.0485008 -0.000299502 -1.57438 -1.54988 -0.286141
36 0.00142142 -0.0503666 -0.000652045 -1.57797 -1.47632 -0.285437
38 -0.000525533 -0.0521447 -0.00100346 -1.57859 -1.40767 -0.284332
40 -0.00247171 -0.053841 -0.00135332 -1.5768 -1.34355 -0.282909
42 -0.00441442 -0.0554607 -0.00170125 -1.57303 -1.28356 -0.281236
44 -0.00635147 -0.0570088 -0.002047 -1.56767 -1.22737 -0.279365
46 -0.00828107 -0.0584898 -0.00239034 -1.561 -1.17465 -0.277342
48 -0.0102018 -0.0599078 -0.0027311 -1.55328 -1.12512 -0.275201
50 -0.0121124 -0.0612665 -0.00306918 -1.54471 -1.07852 -0.272971
52 -0.014012 -0.0625695 -0.00340445 -1.53545 -1.0346 -0.270677
54 -0.0158999 -0.0638197 -0.00373687 -1.52564 -0.993143 -0.268336
56 -0.0177754 -0.0650203 -0.00406638 -1.51541 -0.953964 -0.265964
58 -0.019638 -0.0661739 -0.00439295 -1.50484 -0.91688 -0.263573
60 -0.0214875 -0.0672829 -0.00471657 -1.49401 -0.881733 -0.261175
62 -0.0233234 -0.0683497 -0.00503723 -1.483 -0.848375 -0.258777
64 -0.0251457 -0.0693764 -0.00535493 -1.47184 -0.816675 -0.256386
66 -0.0269542 -0.0703649 -0.00566969 -1.4606 -0.786513 -0.254007
68 -0.0287487 -0.0713172 -0.00598153 -1.44931 -0.75778 -0.251644
70 -0.0305294 -0.0722348 -0.00629047 -1.438 -0.730376 -0.249302
72 -0.0322961 -0.0731194 -0.00659653 -1.42669 -0.704211 -0.246983
74 -0.0340488 -0.0739724 -0.00689974 -1.41541 -0.679203 -0.244688
76 -0.0357877 -0.0747953 -0.00720014 -1.40418 -0.655274 -0.242421
78 -0.0375127 -0.0755893 -0.00749777 -1.39301 -0.632356 -0.240181
80 -0.039224 -0.0763556 -0.00779264 -1.38192 -0.610385 -0.23797
82 -0.0409217 -0.0770954 -0.00808481 -1.37091 -0.589303 -0.235789
84 -0.0426059 -0.0778097 -0.00837431 -1.35999 -0.569055 -0.233638
86 -0.0442766 -0.0784995 -0.00866117 -1.34917 -0.549592 -0.231517
88 -0.0459341 -0.0791657 -0.00894544 -1.33846 -0.530868 -0.229426
90 -0.0475784 -0.0798093 -0.00922714 -1.32786 -0.512841 -0.227366
92 -0.0492097 -0.0804311 -0.00950632 -1.31737 -0.495472 -0.225335
94 -0.0508282 -0.0810318 -0.00978302 -1.30699 -0.478723 -0.223335
96 -0.0524339 -0.0816123 -0.0100573 -1.29673 -0.462562 -0.221363
98 -0.0540271 -0.0821731 -0.0103291 -1.28659 -0.446957 -0.219421
100 -0.0556078 -0.0827151 -0.0105986 -1.27657 -0.43188 -0.217508
102 -0.0571762 -0.0832387 -0.0108657 -1.26666 -0.417302 -0.215622
104 -0.0587325 -0.0837447 -0.0111305 -1.25687 -0.403198 -0.213765
106 -0.0602767 -0.0842335 -0.011393 -1.2472 -0.389546 -0.211934
108 -0.0618092 -0.0847058 -0.0116533 -1.23764 -0.376322 -0.21013
110 -0.0633299 -0.085162 -0.0119114 -1.2282 -0.363507 -0.208353
112 -0.064839 -0.0856027 -0.0121673 -1.21888 -0.351081 -0.206601
114 -0.0663367 -0.0860282 -0.012421 -1.20966 -0.339026 -0.204874
116 -0.0678231 -0.0864391 -0.0126727 -1.20056 -0.327324 -0.203171
118 -0.0692983 -0.0868358 -0.0129222 -1.19157 -0.315961 -0.201493
120 -0.0707625 -0.0872187 -0.0131697 -1.18269 -0.30492 -0.199838
122 -0.0722158 -0.0875881 -0.0134152 -1.17391 -0.294188 -0.198206
124 -0.0736584 -0.0879445 -0.0136587 -1.16524 -0.283752 -0.196596
126 -0.0750903 -0.0882882 -0.0139002 -1.15667 -0.273598 -0.195008
128 -0.0765117 -0.0886196 -0.0141397 -1.1482 -0.263715 -0.193442
130 -0.0779228 -0.0889389 -0.0143774 -1.13983 -0.254093 -0.191896
132 -0.0793236 -0.0892465 -0.0146131 -1.13156 -0.244719 -0.190371
134 -0.0807142 -0.0895426 -0.014847 -1.12338 -0.235586 -0.188866
136 -0.0820948 -0.0898277 -0.015079 -1.1153 -0.226681 -0.187381
138 -0.0834655 -0.0901019 -0.0153092 -1.10731 -0.217998 -0.185914
140 -0.0848264 -0.0903656 -0.0155377 -1.09941 -0.209528 -0.184467
142 -0.0861776 -0.0906189 -0.0157643 -1.0916 -0.201262 -0.183037
144 -0.0875192 -0.0908621 -0.0159892 -1.08388 -0.193192 -0.181625
146 -0.0888514 -0.0910955 -0.0162124 -1.07624 -0.185312 -0.180231
148 -0.0901741 -0.0913193 -0.0164338 -1.06869 -0.177615 -0.178853
150 -0.0914877 -0.0915338 -0.0166536 -1.06121 -0.170094 -0.177492
152 -0.092792 -0.091739 -0.0168717 -1.05382 -0.162742 -0.176147
154 -0.0940873 -0.0919353 -0.0170881 -1.04651 -0.155555 -0.174819
156 -0.0953736 -0.0921228 -0.0173029 -1.03927 -0.148525 -0.173505
158 -0.0966511 -0.0923017 -0.0175161 -1.03211 -0.141649 -0.172207
160 -0.0979197 -0.0924723 -0.0177277 -1.02503 -0.13492 -0.170923
162 -0.0991797 -0.0926346 -0.0179378 -1.01802 -0.128333 -0.169654
164 -0.100431 -0.0927889 -0.0181462 -1.01107 -0.121885 -0.1684
166 -0.101674 -0.0929353 -0.0183532 -1.0042 -0.11557 -0.167159
168 -0.102908 -0.0930741 -0.0185586 -0.997399 -0.109385 -0.165931
170 -0.104134 -0.0932052 -0.0187625 -0.990663 -0.103325 -0.164717
172 -0.105352 -0.093329 -0.0189649 -0.983993 -0.0973854 -0.163516
174 -0.106562 -0.0934455 -0.0191659 -0.977388 -0.0915636 -0.162327
176 -0.107763 -0.0935549 -0.0193654 -0.970846 -0.0858556 -0.161151
178 -0.108957 -0.0936573 -0.0195634 -0.964367 -0.080258 -0.159987
180 -0.110142 -0.0937529 -0.01976 -0.957948 -0.0747675 -0.158835
182 -0.11132 -0.0938418 -0.0199552 -0.951589 -0.0693808 -0.157695
184 -0.11249 -0.0939241 -0.020149 -0.945288 -0.0640949 -0.156566
186 -0.113652 -0.094 -0.0203415 -0.939045 -0.0589069 -0.155448
188 -0.114806 -0.0940695 -0.0205325 -0.932859 -0.053814 -0.154341
190 -0.115953 -0.0941328 -0.0207222 -0.926728 -0.0488135 -0.153245
192 -0.117092 -0.0941899 -0.0209106 -0.920651 -0.0439027 -0.152159
194 -0.118224 -0.0942411 -0.0210976 -0.914627 -0.0390792 -0.151084
196 -0.119348 -0.0942864 -0.0212833 -0.908656 -0.0343406 -0.150019
198 -0.120465 -0.0943258 -0.0214676 -0.902736 -0.0296845 -0.148964
200 -0.121575 -0.0943596 -0.0216507 -0.896866 -0.0251087 -0.147918
202 -0.122678 -0.0943878 -0.0218325 -0.891046 -0.020611 -0.146882
204 -0.123773 -0.0944105 -0.0220131 -0.885274 -0.0161895 -0.145855
206 -0.124862 -0.0944278 -0.0221923 -0.87955 -0.0118421 -0.144837
208 -0.125943 -0.0944397 -0.0223704 -0.873873 -0.00756685 -0.143829
210 -0.127018 -0.0944465 -0.0225471 -0.868242 -0.00336193 -0.142829
212 -0.128085 -0.0944481 -0.0227227 -0.862656 0.000774454 -0.141837
214 -0.129146 -0.0944446 -0.022897 -0.857114 0.00484403 -0.140855
216 -0.130199 -0.0944361 -0.0230702 -0.851616 0.00884848 -0.13988
218 -0.131246 -0.0944228 -0.0232421 -0.84616 0.0127894 -0.138914
220 -0.132287 -0.0944046 -0.0234128 -0.840747 0.0166683 -0.137955
222 -0.13332 -0.0943817 -0.0235824 -0.835374 0.0204868 -0.137005
224 -0.134347 -0.0943541 -0.0237508 -0.830043 0.0242463 -0.136062
226 -0.135368 -0.0943219 -0.0239181 -0.824751 0.0279482 -0.135127
228 -0.136382 -0.0942852 -0.0240842 -0.819498 0.0315938 -0.134199
230 -0.13739 -0.094244 -0.0242491 -0.814284 0.0351845 -0.133278
232 -0.138391 -0.0941984 -0.0244129 -0.809108 0.0387216 -0.132365
234 -0.139385 -0.0941485 -0.0245756 -0.803968 0.0422062 -0.131458
236 -0.140374 -0.0940943 -0.0247372 -0.798866 0.0456397 -0.130559
238 -0.141356 -0.0940359 -0.0248977 -0.793799 0.049023 -0.129666
240 -0.142332 -0.0939734 -0.0250571 -0.788768 0.0523575 -0.12878
242 -0.143302 -0.0939068 -0.0252154 -0.783771 0.055644 -0.127901
244 -0.144266 -0.0938362 -0.0253726 -0.778809 0.0588838 -0.127028
246 -0.145223 -0.0937616 -0.0255287 -0.77388 0.0620778 -0.126161
248 -0.146175 -0.093683 -0.0256838 -0.768985 0.065227 -0.125301
250 -0.14712 -0.0936007 -0.0258378 -0.764122 0.0683324 -0.124447
252 -0.14806 -0.0935145 -0.0259908 -0.75929 0.0713948 -0.123598
254 -0.148993 -0.0934246 -0.0261427 -0.754491 0.0744153 -0.122756
256 -0.149921 -0.0933309 -0.0262936 -0.749722 0.0773947 -0.12192
258 -0.150843 -0.0932337 -0.0264435 -0.744984 0.0803339 -0.121089
260 -0.151759 -0.0931328 -0.0265923 -0.740276 0.0832336 -0.120264
262 -0.152669 -0.0930284 -0.0267402 -0.735597 0.0860946 -0.119444
264 -0.153573 -0.0929204 -0.026887 -0.730948 0.0889179 -0.11863
266 -0.154472 -0.092809 -0.0270328 -0.726327 0.0917041 -0.117821
268 -0.155365 -0.0926942 -0.0271776 -0.721734 0.0944539 -0.117017
270 -0.156252 -0.092576 -0.0273215 -0.717168 0.0971681 -0.116219
272 -0.157134 -0.0924545 -0.0274643 -0.712631 0.0998474 -0.115426
274 -0.15801 -0.0923298 -0.0276062 -0.70812 0.102492 -0.114637
276 -0.158881 -0.0922017 -0.0277471 -0.703635 0.105104 -0.113854
278 -0.159746 -0.0920705 -0.0278871 -0.699176 0.107682 -0.113075
280 -0.160606 -0.0919361 -0.0280261 -0.694744 0.110229 -0.112302
282 -0.16146 -0.0917986 -0.0281641 -0.690336 0.112743 -0.111533
284 -0.162309 -0.091658 -0.0283012 -0.685953 0.115227 -0.110768
286 -0.163152 -0.0915144 -0.0284374 -0.681595 0.11768 -0.110009
288 -0.16399 -0.0913677 -0.0285726 -0.677261 0.120103 -0.109253
290 -0.164823 -0.0912181 -0.0287069 -0.67295 0.122496 -0.108502
292 -0.16565 -0.0910655 -0.0288402 -0.668663 0.124861 -0.107756
294 -0.166472 -0.0909101 -0.0289727 -0.664399 0.127197 -0.107014
296 -0.167289 -0.0907518 -0.0291042 -0.660158 0.129505 -0.106276
298 -0.168101 -0.0905906 -0.0292349 -0.655939 0.131787 -0.105542
300 -0.168907 -0.0904267 -0.0293646 -0.651742 0.134041 -0.104812
302 -0.169708 -0.09026 -0.0294934 -0.647567 0.136269 -0.104086
304 -0.170505 -0.0900906 -0.0296214 -0.643414 0.138471 -0.103365
306 -0.171296 -0.0899184 -0.0297484 -0.639281 0.140647 -0.102647
308 -0.172082 -0.0897436 -0.0298746 -0.635169 0.142798 -0.101933
310 -0.172863 -0.0895662 -0.0299999 -0.631078 0.144925 -0.101223
312 -0.173638 -0.0893861 -0.0301243 -0.627007 0.147027 -0.100516
314 -0.174409 -0.0892035 -0.0302478 -0.622956 0.149106 -0.0998137
316 -0.175175 -0.0890183 -0.0303705 -0.618925 0.151161 -0.0991146
318 -0.175936 -0.0888306 -0.0304923 -0.614913 0.153194 -0.0984191
320 -0.176692 -0.0886404 -0.0306133 -0.61092 0.155203 -0.0977272
322 -0.177443 -0.0884478 -0.0307334 -0.606945 0.157191 -0.0970388
324 -0.178189 -0.0882527 -0.0308527 -0.60299 0.159156 -0.0963537
326 -0.178931 -0.0880551 -0.0309711 -0.599052 0.1611 -0.0956721
328 -0.179667 -0.0878553 -0.0310887 -0.595133 0.163023 -0.0949938
330 -0.180399 -0.087653 -0.0312054 -0.591232 0.164924 -0.0943188
332 -0.181126 -0.0874484 -0.0313213 -0.587347 0.166806 -0.0936471
334 -0.181848 -0.0872415 -0.0314364 -0.583481 0.168667 -0.0929785
336 -0.182565 -0.0870324 -0.0315507 -0.579631 0.170508 -0.0923131
338 -0.183277 -0.0868209 -0.0316642 -0.575798 0.172329 -0.0916508
340 -0.183985 -0.0866073 -0.0317768 -0.571982 0.174131 -0.0909916
342 -0.184688 -0.0863914 -0.0318886 -0.568182 0.175914 -0.0903354
344 -0.185387 -0.0861733 -0.0319996 -0.564398 0.177679 -0.0896821
346 -0.186081 -0.0859531 -0.0321098 -0.56063 0.179425 -0.0890318
348 -0.18677 -0.0857307 -0.0322193 -0.556878 0.181152 -0.0883845
350 -0.187454 -0.0855062 -0.0323279 -0.553141 0.182862 -0.0877399
352 -0.188134 -0.0852796 -0.0324357 -0.549419 0.184555 -0.0870982
354 -0.18881 -0.085051 -0.0325427 -0.545713 0.186229 -0.0864593
356 -0.189481 -0.0848202 -0.032649 -0.542021 0.187887 -0.0858231
358 -0.190147 -0.0845875 -0.0327545 -0.538344 0.189528 -0.0851896
360 -0.190809 -0.0843527 -0.0328591 -0.534682 0.191152 -0.0845588
362 -0.191466 -0.0841159 -0.032963 -0.531034 0.19276 -0.0839306
364 -0.192119 -0.0838772 -0.0330662 -0.527399 0.194352 -0.083305
366 -0.192767 -0.0836365 -0.0331685 -0.523779 0.195927 -0.082682
368 -0.193411 -0.0833939 -0.0332701 -0.520172 0.197487 -0.0820615
370 -0.19405 -0.0831494 -0.033371 -0.516579 0.199032 -0.0814435
372 -0.194685 -0.0829029 -0.0334711 -0.512999 0.200561 -0.080828
374 -0.195316 -0.0826546 -0.0335704 -0.509433 0.202075 -0.0802149
376 -0.195942 -0.0824044 -0.0336689 -0.505879 0.203574 -0.0796042
378 -0.196563 -0.0821524 -0.0337667 -0.502338 0.205059 -0.0789958
380 -0.197181 -0.0818986 -0.0338638 -0.49881 0.206529 -0.0783898
382 -0.197794 -0.081643 -0.0339601 -0.495294 0.207984 -0.0777861
384 -0.198403 -0.0813855 -0.0340557 -0.491791 0.209426 -0.0771846
386 -0.199007 -0.0811264 -0.0341505 -0.488299 0.210854 -0.0765854
388 -0.199607 -0.0808654 -0.0342446 -0.48482 0.212268 -0.0759884
390 -0.200203 -0.0806027 -0.034338 -0.481352 0.213668 -0.0753936
392 -0.200795 -0.0803383 -0.0344306 -0.477897 0.215055 -0.0748009
394 -0.201382 -0.0800722 -0.0345225 -0.474452 0.216429 -0.0742104
396 -0.201965 -0.0798044 -0.0346137 -0.471019 0.21779 -0.0736219
398 -0.202544 -0.079535 -0.0347041 -0.467597 0.219138 -0.0730356
400 -0.203119 -0.0792639 -0.0347938 -0.464186 0.220473 -0.0724512
402 -0.203689 -0.0789911 -0.0348828 -0.460786 0.221796 -0.0718689
404 -0.204255 -0.0787167 -0.0349711 -0.457397 0.223106 -0.0712886
406 -0.204817 -0.0784408 -0.0350587 -0.454019 0.224404 -0.0707102
408 -0.205375 -0.0781632 -0.0351456 -0.450651 0.22569 -0.0701337
410 -0.205929 -0.077884 -0.0352317 -0.447293 0.226964 -0.0695592
412 -0.206479 -0.0776033 -0.0353171 -0.443946 0.228226 -0.0689866
414 -0.207024 -0.077321 -0.0354019 -0.440608 0.229476 -0.0684158
416 -0.207566 -0.0770372 -0.0354859 -0.437281 0.230715 -0.0678468
418 -0.208103 -0.0767519 -0.0355692 -0.433963 0.231942 -0.0672797
420 -0.208636 -0.0764651 -0.0356519 -0.430655 0.233159 -0.0667144
422 -0.209165 -0.0761767 -0.0357338 -0.427356 0.234364 -0.0661508
424 -0.20969 -0.0758869 -0.0358151 -0.424067 0.235558 -0.065589
426 -0.210211 -0.0755957 -0.0358956 -0.420788 0.236741 -0.0650288
428 -0.210728 -0.0753029 -0.0359755 -0.417517 0.237913 -0.0644704
430 -0.211241 -0.0750088 -0.0360547 -0.414256 0.239075 -0.0639137
432 -0.21175 -0.0747132 -0.0361331 -0.411003 0.240227 -0.0633586
434 -0.212255 -0.0744162 -0.036211 -0.407759 0.241367 -0.0628051
436 -0.212756 -0.0741178 -0.0362881 -0.404524 0.242498 -0.0622533
438 -0.213253 -0.073818 -0.0363645 -0.401297 0.243618 -0.061703
440 -0.213746 -0.0735168 -0.0364403 -0.398079 0.244729 -0.0611543
442 -0.214235 -0.0732143 -0.0365154 -0.39487 0.245829 -0.0606072
444 -0.21472 -0.0729104 -0.0365898 -0.391668 0.24692 -0.0600616
446 -0.215201 -0.0726052 -0.0366635 -0.388475 0.248001 -0.0595174
448 -0.215678 -0.0722986 -0.0367366 -0.385289 0.249072 -0.0589748
450 -0.216152 -0.0719908 -0.036809 -0.382112 0.250134 -0.0584337
452 -0.216621 -0.0716816 -0.0368808 -0.378942 0.251186 -0.0578939
454 -0.217087 -0.0713711 -0.0369518 -0.37578 0.252229 -0.0573557
456 -0.217548 -0.0710594 -0.0370223 -0.372626 0.253263 -0.0568188
458 -0.218006 -0.0707464 -0.037092 -0.369479 0.254287 -0.0562833
460 -0.21846 -0.0704321 -0.0371611 -0.366339 0.255303 -0.0557492
462 -0.218909 -0.0701166 -0.0372295 -0.363207 0.256309 -0.0552164
464 -0.219355 -0.0697998 -0.0372973 -0.360082 0.257307 -0.054685
466 -0.219798 -0.0694819 -0.0373644 -0.356964 0.258296 -0.0541549
468 -0.220236 -0.0691627 -0.0374309 -0.353853 0.259276 -0.0536261
470 -0.220671 -0.0688423 -0.0374967 -0.350749 0.260248 -0.0530986
472 -0.221101 -0.0685207 -0.0375619 -0.347651 0.261211 -0.0525723
474 -0.221528 -0.0681979 -0.0376264 -0.344561 0.262165 -0.0520473
476 -0.221951 -0.067874 -0.0376903 -0.341477 0.263112 -0.0515235
478 -0.222371 -0.0675489 -0.0377535 -0.338399 0.26405 -0.051001
480 -0.222786 -0.0672226 -0.0378161 -0.335328 0.26498 -0.0504796
482 -0.223198 -0.0668952 -0.037878 -0.332263 0.265901 -0.0499594
484 -0.223606 -0.0665667 -0.0379393 -0.329204 0.266815 -0.0494404
486 -0.22401 -0.066237 -0.038 -0.326152 0.267721 -0.0489225
488 -0.22441 -0.0659062 -0.03806 -0.323105 0.268618 -0.0484058
490 -0.224807 -0.0655744 -0.0381194 -0.320065 0.269508 -0.0478902
492 -0.2252 -0.0652414 -0.0381782 -0.31703 0.27039 -0.0473757
494 -0.225589 -0.0649074 -0.0382363 -0.314001 0.271265 -0.0468622
496 -0.225974 -0.0645723 -0.0382938 -0.310978 0.272132 -0.0463499
498 -0.226356 -0.0642361 -0.0383506 -0.30796 0.272991 -0.0458386
500 -0.226734 -0.0638988 -0.0384068 -0.304948 0.273843 -0.0453283
502 -0.227108 -0.0635606 -0.0384624 -0.301942 0.274687 -0.044819
504 -0.227479 -0.0632212 -0.0385174 -0.298941 0.275524 -0.0443108
506 -0.227846 -0.0628809 -0.0385717 -0.295945 0.276354 -0.0438036
508 -0.228209 -0.0625395 -0.0386254 -0.292954 0.277177 -0.0432973
510 -0.228568 -0.0621971 -0.0386785 -0.289968 0.277992 -0.042792
512 -0.228924 -0.0618538 -0.038731 -0.286988 0.2788 -0.0422877
514 -0.229276 -0.0615094 -0.0387829 -0.284012 0.279601 -0.0417843
516 -0.229625 -0.061164 -0.0388341 -0.281041 0.280395 -0.0412819
518 -0.22997 -0.0608177 -0.0388847 -0.278075 0.281183 -0.0407803
520 -0.230311 -0.0604704 -0.0389347 -0.275114 0.281963 -0.0402796
522 -0.230648 -0.0601221 -0.0389841 -0.272157 0.282736 -0.0397799
524 -0.230982 -0.0597729 -0.0390328 -0.269205 0.283503 -0.039281
526 -0.231312 -0.0594228 -0.039081 -0.266258 0.284263 -0.0387829
528 -0.231639 -0.0590717 -0.0391285 -0.263315 0.285016 -0.0382857
530 -0.231962 -0.0587197 -0.0391754 -0.260376 0.285763 -0.0377893
532 -0.232281 -0.0583668 -0.0392217 -0.257441 0.286503 -0.0372938
534 -0.232597 -0.058013 -0.0392674 -0.254511 0.287237 -0.036799
536 -0.232909 -0.0576582 -0.0393125 -0.251585 0.287964 -0.0363051
538 -0.233218 -0.0573026 -0.039357 -0.248663 0.288685 -0.0358119
540 -0.233523 -0.0569461 -0.0394008 -0.245744 0.289399 -0.0353195
542 -0.233824 -0.0565887 -0.0394441 -0.24283 0.290107 -0.0348278
544 -0.234122 -0.0562304 -0.0394867 -0.23992 0.290809 -0.0343369
546 -0.234416 -0.0558713 -0.0395288 -0.237013 0.291504 -0.0338467
548 -0.234706 -0.0555114 -0.0395702 -0.23411 0.292193 -0.0333573
550 -0.234993 -0.0551505 -0.0396111 -0.231211 0.292876 -0.0328685
552 -0.235277 -0.0547889 -0.0396513 -0.228315 0.293553 -0.0323804
554 -0.235556 -0.0544264 -0.039691 -0.225423 0.294224 -0.031893
556 -0.235833 -0.0540631 -0.03973 -0.222534 0.294889 -0.0314063
558 -0.236105 -0.0536989 -0.0397684 -0.219648 0.295548 -0.0309203
560 -0.236375 -0.053334 -0.0398063 -0.216766 0.296201 -0.0304348
562 -0.23664 -0.0529683 -0.0398435 -0.213887 0.296848 -0.02995
564 -0.236902 -0.0526017 -0.0398802 -0.211011 0.297489 -0.0294659
566 -0.237161 -0.0522344 -0.0399162 -0.208139 0.298124 -0.0289823
568 -0.237416 -0.0518663 -0.0399516 -0.205269 0.298754 -0.0284994
570 -0.237667 -0.0514974 -0.0399865 -0.202402 0.299377 -0.028017
572 -0.237915 -0.0511278 -0.0400208 -0.199538 0.299995 -0.0275352
574 -0.238159 -0.0507574 -0.0400544 -0.196677 0.300608 -0.027054
576 -0.2384 -0.0503863 -0.0400875 -0.193819 0.301214 -0.0265733
578 -0.238637 -0.0500144 -0.04012 -0.190963 0.301815 -0.0260932
580 -0.238871 -0.0496417 -0.0401519 -0.18811 0.302411 -0.0256136
582 -0.239101 -0.0492684 -0.0401832 -0.18526 0.303001 -0.0251345
584 -0.239328 -0.0488943 -0.0402139 -0.182412 0.303585 -0.0246559
586 -0.239551 -0.0485195 -0.040244 -0.179567 0.304164 -0.0241779
588 -0.239771 -0.048144 -0.0402735 -0.176724 0.304737 -0.0237003
590 -0.239987 -0.0477677 -0.0403024 -0.173883 0.305305 -0.0232232
592 -0.2402 -0.0473908 -0.0403308 -0.171044 0.305868 -0.0227466
594 -0.240409 -0.0470132 -0.0403586 -0.168208 0.306425 -0.0222704
596 -0.240615 -0.0466349 -0.0403857 -0.165374 0.306976 -0.0217946
598 -0.240817 -0.046256 -0.0404123 -0.162542 0.307523 -0.0213193
600 -0.241016 -0.0458763 -0.0404383 -0.159712 0.308064 -0.0208445
602 -0.241211 -0.045496 -0.0404637 -0.156884 0.3086 -0.02037
604 -0.241403 -0.0451151 -0.0404886 -0.154058 0.309131 -0.019896
606 -0.241591 -0.0447334 -0.0405128 -0.151233 0.309656 -0.0194223
608 -0.241776 -0.0443512 -0.0405365 -0.148411 0.310176 -0.018949
610 -0.241957 -0.0439683 -0.0405596 -0.14559 0.310691 -0.0184761
612 -0.242135 -0.0435848 -0.0405821 -0.142771 0.311201 -0.0180036
614 -0.24231 -0.0432006 -0.040604 -0.139953 0.311706 -0.0175314
616 -0.24248 -0.0428158 -0.0406253 -0.137137 0.312205 -0.0170595
618 -0.242648 -0.0424305 -0.0406461 -0.134322 0.3127 -0.016588
620 -0.242812 -0.0420445 -0.0406662 -0.131509 0.31319 -0.0161168
622 -0.242972 -0.0416579 -0.0406858 -0.128697 0.313674 -0.0156459
624 -0.243129 -0.0412707 -0.0407048 -0.125887 0.314154 -0.0151753
626 -0.243283 -0.0408829 -0.0407233 -0.123078 0.314628 -0.0147051
628 -0.243433 -0.0404946 -0.0407411 -0.12027 0.315097 -0.0142351
630 -0.24358 -0.0401056 -0.0407584 -0.117463 0.315562 -0.0137653
632 -0.243723 -0.0397161 -0.0407751 -0.114657 0.316022 -0.0132959
634 -0.243862 -0.039326 -0.0407912 -0.111852 0.316476 -0.0128266
636 -0.243999 -0.0389354 -0.0408067 -0.109048 0.316926 -0.0123577
638 -0.244131 -0.0385442 -0.0408217 -0.106245 0.317371 -0.0118889
640 -0.244261 -0.0381525 -0.040836 -0.103443 0.317811 -0.0114204
642 -0.244387 -0.0377603 -0.0408498 -0.100641 0.318246 -0.0109521
644 -0.244509 -0.0373675 -0.040863 -0.0978406 0.318677 -0.010484
646 -0.244628 -0.0369741 -0.0408757 -0.0950406 0.319102 -0.0100161
648 -0.244743 -0.0365803 -0.0408878 -0.0922413 0.319523 -0.00954839
650 -0.244855 -0.0361859 -0.0408992 -0.0894424 0.319939 -0.00908085
652 -0.244964 -0.0357911 -0.0409102 -0.0866441 0.32035 -0.00861348
654 -0.245069 -0.0353957 -0.0409205 -0.0838462 0.320757 -0.00814626
656 -0.245171 -0.0349998 -0.0409303 -0.0810487 0.321158 -0.00767918
658 -0.245269 -0.0346034 -0.0409394 -0.0782515 0.321555 -0.00721225
660 -0.245364 -0.0342066 -0.040948 -0.0754546 0.321948 -0.00674544
662 -0.245455 -0.0338092 -0.0409561 -0.072658 0.322335 -0.00627875
664 -0.245543 -0.0334114 -0.0409635 -0.0698614 0.322718 -0.00581217
666 -0.245628 -0.0330132 -0.0409704 -0.067065 0.323096 -0.00534569
668 -0.245709 -0.0326144 -0.0409767 -0.0642686 0.32347 -0.0048793
670 -0.245786 -0.0322152 -0.0409825 -0.0614722 0.323839 -0.00441299
672 -0.24586 -0.0318156 -0.0409876 -0.0586758 0.324203 -0.00394675
674 -0.245931 -0.0314155 -0.0409922 -0.0558792 0.324562 -0.00348057
676 -0.245998 -0.0310149 -0.0409962 -0.0530825 0.324917 -0.00301444
678 -0.246062 -0.0306139 -0.0409996 -0.0502855 0.325268 -0.00254836
680 -0.246122 -0.0302125 -0.0410025 -0.0474882 0.325613 -0.0020823
682 -0.246179 -0.0298107 -0.0410048 -0.0446905 0.325954 -0.00161628
684 -0.246232 -0.0294085 -0.0410065 -0.0418925 0.326291 -0.00115026
686 -0.246282 -0.0290058 -0.0410076 -0.039094 0.326623 -0.000684253
688 -0.246329 -0.0286027 -0.0410082 -0.036295 0.32695 -0.00021824
690 -0.246372 -0.0281993 -0.0410081 -0.0334954 0.327273 0.000247788
692 -0.246411 -0.0277954 -0.0410075 -0.0306952 0.327591 0.000713839
694 -0.246448 -0.0273912 -0.0410064 -0.0278943 0.327905 0.00117992
696 -0.24648 -0.0269865 -0.0410046 -0.0250926 0.328214 0.00164605
698 -0.246509 -0.0265815 -0.0410023 -0.0222902 0.328518 0.00211223
700 -0.246535 -0.0261761 -0.0409994 -0.0194868 0.328818 0.00257847
702 -0.246558 -0.0257704 -0.040996 -0.0166826 0.329114 0.00304478
704 -0.246576 -0.0253643 -0.0409919 -0.0138774 0.329405 0.00351117
706 -0.246592 -0.0249578 -0.0409873 -0.0110712 0.329691 0.00397765
708 -0.246604 -0.024551 -0.0409821 -0.00826385 0.329973 0.00444422
710 -0.246612 -0.0241438 -0.0409763 -0.00545539 0.33025 0.00491091
712 -0.246617 -0.0237363 -0.04097 -0.00264572 0.330523 0.00537772
714 -0.246619 -0.0233285 -0.0409631 0.000165207 0.330791 0.00584465
716 -0.246617 -0.0229203 -0.0409556 0.00297745 0.331055 0.00631172
718 -0.246611 -0.0225118 -0.0409475 0.00579107 0.331314 0.00677893
720 -0.246602 -0.022103 -0.0409388 0.00860612 0.331568 0.00724631
722 -0.24659 -0.0216939 -0.0409296 0.0114227 0.331819 0.00771384
724 -0.246574 -0.0212845 -0.0409198 0.0142408 0.332064 0.00818156
726 -0.246555 -0.0208747 -0.0409094 0.0170605 0.332305 0.00864945
728 -0.246532 -0.0204647 -0.0408985 0.0198818 0.332542 0.00911755
730 -0.246506 -0.0200544 -0.0408869 0.0227049 0.332774 0.00958584
732 -0.246476 -0.0196438 -0.0408748 0.0255298 0.333001 0.0100544
734 -0.246443 -0.019233 -0.0408621 0.0283565 0.333224 0.0105231
736 -0.246406 -0.0188218 -0.0408489 0.0311852 0.333443 0.0109921
738 -0.246366 -0.0184104 -0.040835 0.0340158 0.333656 0.0114613
740 -0.246322 -0.0179987 -0.0408206 0.0368484 0.333866 0.0119307
742 -0.246275 -0.0175868 -0.0408056 0.0396831 0.334071 0.0124005
744 -0.246224 -0.0171746 -0.04079 0.0425199 0.334271 0.0128705
746 -0.24617 -0.0167622 -0.0407738 0.0453589 0.334466 0.0133407
748 -0.246113 -0.0163496 -0.0407571 0.0482003 0.334658 0.0138113
750 -0.246051 -0.0159367 -0.0407398 0.0510439 0.334844 0.0142822
752 -0.245987 -0.0155236 -0.0407219 0.0538899 0.335026 0.0147534
754 -0.245918 -0.0151102 -0.0407034 0.0567384 0.335203 0.0152249
756 -0.245847 -0.0146967 -0.0406843 0.0595893 0.335376 0.0156967
758 -0.245771 -0.0142829 -0.0406647 0.0624429 0.335544 0.0161689
760 -0.245693 -0.013869 -0.0406444 0.0652991 0.335708 0.0166414
762 -0.24561 -0.0134548 -0.0406236 0.068158 0.335867 0.0171143
764 -0.245524 -0.0130404 -0.0406022 0.0710196 0.336021 0.0175876
766 -0.245435 -0.0126259 -0.0405802 0.0738841 0.336171 0.0180612
768 -0.245342 -0.0122111 -0.0405577 0.0767514 0.336316 0.0185353
770 -0.245246 -0.0117962 -0.0405345 0.0796217 0.336457 0.0190097
772 -0.245146 -0.0113812 -0.0405108 0.082495 0.336593 0.0194846
774 -0.245042 -0.0109659 -0.0404864 0.0853714 0.336724 0.0199599
776 -0.244935 -0.0105505 -0.0404615 0.0882509 0.33685 0.0204356
778 -0.244825 -0.010135 -0.040436 0.0911337 0.336972 0.0209118
780 -0.24471 -0.00971927 -0.0404099 0.0940197 0.337089 0.0213884
782 -0.244593 -0.00930343 -0.0403833 0.096909 0.337201 0.0218655
784 -0.244471 -0.00888746 -0.040356 0.0998018 0.337309 0.022343
786 -0.244346 -0.00847135 -0.0403281 0.102698 0.337412 0.0228211
788 -0.244218 -0.00805512 -0.0402997 0.105598 0.33751 0.0232996
790 -0.244086 -0.00763877 -0.0402707 0.108501 0.337603 0.0237787
792 -0.24395 -0.00722231 -0.040241 0.111408 0.337692 0.0242583
794 -0.243811 -0.00680574 -0.0402108 0.114319 0.337775 0.0247384
796 -0.243668 -0.00638908 -0.04018 0.117234 0.337854 0.025219
798 -0.243522 -0.00597231 -0.0401486 0.120152 0.337928 0.0257002
800 -0.243372 -0.00555546 -0.0401166 0.123075 0.337997 0.026182
802 -0.243218 -0.00513853 -0.040084 0.126001 0.338062 0.0266644
804 -0.243061 -0.00472152 -0.0400508 0.128932 0.338121 0.0271473
806 -0.2429 -0.00430444 -0.0400171 0.131866 0.338176 0.0276308
808 -0.242736 -0.0038873 -0.0399827 0.134805 0.338225 0.028115
810 -0.242568 -0.0034701 -0.0399477 0.137749 0.33827 0.0285997
812 -0.242396 -0.00305285 -0.0399121 0.140696 0.33831 0.0290851
814 -0.242221 -0.00263555 -0.039876 0.143648 0.338344 0.0295712
816 -0.242042 -0.00221821 -0.0398392 0.146605 0.338374 0.0300578
818 -0.241859 -0.00180084 -0.0398018 0.149566 0.338398 0.0305452
820 -0.241673 -0.00138344 -0.0397638 0.152532 0.338418 0.0310333
822 -0.241483 -0.000966018 -0.0397253 0.155503 0.338432 0.031522
824 -0.241289 -0.000548583 -0.0396861 0.158478 0.338442 0.0320114
826 -0.241092 -0.00013114 -0.0396463 0.161459 0.338446 0.0325016
828 -0.240891 0.000286306 -0.0396059 0.164444 0.338445 0.0329925
830 -0.240686 0.000703746 -0.0395649 0.167434 0.338439 0.0334841
832 -0.240478 0.00112118 -0.0395233 0.17043 0.338427 0.0339764
834 -0.240266 0.00153859 -0.0394811 0.173431 0.338411 0.0344696
836 -0.24005 0.00195598 -0.0394383 0.176437 0.338389 0.0349635
838 -0.23983 0.00237334 -0.0393948 0.179448 0.338362 0.0354582
840 -0.239607 0.00279066 -0.0393508 0.182465 0.338329 0.0359537
842 -0.23938 0.00320794 -0.0393061 0.185487 0.338291 0.03645
844 -0.23915 0.00362517 -0.0392609 0.188515 0.338248 0.0369472
846 -0.238915 0.00404234 -0.039215 0.191549 0.3382 0.0374452
848 -0.238677 0.00445945 -0.0391685 0.194589 0.338145 0.0379441
850 -0.238435 0.00487649 -0.0391214 0.197634 0.338086 0.0384438
852 -0.23819 0.00529345 -0.0390737 0.200685 0.338021 0.0389444
854 -0.23794 0.00571032 -0.0390253 0.203743 0.33795 0.0394459
856 -0.237687 0.00612711 -0.0389764 0.206806 0.337874 0.0399483
858 -0.23743 0.0065438 -0.0389268 0.209876 0.337792 0.0404516
860 -0.237169 0.00696039 -0.0388766 0.212952 0.337704 0.0409559
862 -0.236905 0.00737686 -0.0388257 0.216035 0.337611 0.0414611
864 -0.236636 0.00779322 -0.0387743 0.219124 0.337512 0.0419673
866 -0.236364 0.00820945 -0.0387222 0.222219 0.337408 0.0424745
868 -0.236088 0.00862554 -0.0386695 0.225321 0.337297 0.0429826
870 -0.235808 0.0090415 -0.0386162 0.22843 0.337181 0.0434918
872 -0.235525 0.00945731 -0.0385622 0.231546 0.337058 0.044002
874 -0.235237 0.00987297 -0.0385076 0.234669 0.33693 0.0445132
876 -0.234946 0.0102885 -0.0384524 0.237798 0.336796 0.0450255
878 -0.234651 0.0107038 -0.0383966 0.240935 0.336656 0.0455389
880 -0.234351 0.0111189 -0.0383401 0.24408 0.336509 0.0460533
882 -0.234048 0.0115339 -0.038283 0.247231 0.336357 0.0465689
884 -0.233742 0.0119487 -0.0382252 0.25039 0.336198 0.0470855
886 -0.233431 0.0123632 -0.0381668 0.253557 0.336034 0.0476033
888 -0.233116 0.0127776 -0.0381078 0.256731 0.335863 0.0481222
890 -0.232797 0.0131918 -0.0380481 0.259913 0.335685 0.0486423
892 -0.232475 0.0136057 -0.0379878 0.263102 0.335501 0.0491636
894 -0.232148 0.0140194 -0.0379268 0.2663 0.335311 0.0496861
896 -0.231818 0.0144328 -0.0378652 0.269506 0.335115 0.0502097
898 -0.231484 0.014846 -0.037803 0.27272 0.334912 0.0507346
900 -0.231145 0.015259 -0.0377401 0.275942 0.334702 0.0512608
902 -0.230803 0.0156717 -0.0376765 0.279172 0.334486 0.0517882
904 -0.230457 0.0160841 -0.0376123 0.282411 0.334263 0.0523169
906 -0.230106 0.0164963 -0.0375475 0.285659 0.334033 0.0528469
908 -0.229752 0.0169081 -0.0374819 0.288915 0.333796 0.0533782
910 -0.229394 0.0173197 -0.0374158 0.292181 0.333553 0.0539108
912 -0.229031 0.0177309 -0.037349 0.295455 0.333303 0.0544448
914 -0.228665 0.0181419 -0.0372815 0.298738 0.333045 0.0549802
916 -0.228294 0.0185525 -0.0372133 0.30203 0.332781 0.0555169
918 -0.22792 0.0189628 -0.0371445 0.305332 0.332509 0.0560551
920 -0.227541 0.0193728 -0.037075 0.308643 0.332231 0.0565946
922 -0.227158 0.0197824 -0.0370049 0.311964 0.331945 0.0571357
924 -0.226771 0.0201916 -0.0369341 0.315294 0.331651 0.0576781
926 -0.22638 0.0206005 -0.0368626 0.318635 0.331351 0.0582221
928 -0.225985 0.021009 -0.0367905 0.321985 0.331043 0.0587676
930 -0.225586 0.0214171 -0.0367177 0.325345 0.330727 0.0593145
932 -0.225183 0.0218248 -0.0366442 0.328716 0.330404 0.0598631
934 -0.224775 0.0222322 -0.03657 0.332096 0.330073 0.0604132
936 -0.224364 0.0226391 -0.0364951 0.335488 0.329734 0.0609649
938 -0.223948 0.0230455 -0.0364196 0.338889 0.329387 0.0615181
940 -0.223528 0.0234516 -0.0363434 0.342302 0.329032 0.062073
942 -0.223103 0.0238572 -0.0362665 0.345725 0.32867 0.0626296
944 -0.222675 0.0242624 -0.0361889 0.34916 0.328299 0.0631878
946 -0.222242 0.0246671 -0.0361106 0.352605 0.32792 0.0637478
948 -0.221805 0.0250713 -0.0360316 0.356062 0.327533 0.0643094
950 -0.221364 0.025475 -0.035952 0.359531 0.327137 0.0648728
952 -0.220918 0.0258783 -0.0358716 0.363011 0.326733 0.0654379
954 -0.220468 0.026281 -0.0357905 0.366503 0.326321 0.0660048
956 -0.220014 0.0266833 -0.0357088 0.370006 0.325899 0.0665735
958 -0.219555 0.027085 -0.0356263 0.373522 0.325469 0.0671441
960 -0.219092 0.0274861 -0.0355431 0.37705 0.32503 0.0677165
962 -0.218625 0.0278868 -0.0354593 0.38059 0.324583 0.0682908
964 -0.218154 0.0282868 -0.0353747 0.384143 0.324126 0.068867
966 -0.217678 0.0286863 -0.0352894 0.387709 0.323659 0.0694451
968 -0.217197 0.0290852 -0.0352034 0.391288 0.323184 0.0700252
970 -0.216712 0.0294836 -0.0351166 0.394879 0.322699 0.0706072
972 -0.216223 0.0298813 -0.0350292 0.398484 0.322205 0.0711913
974 -0.215729 0.0302784 -0.034941 0.402102 0.321701 0.0717774
976 -0.215231 0.0306749 -0.0348521 0.405734 0.321187 0.0723656
978 -0.214728 0.0310707 -0.0347625 0.40938 0.320664 0.0729558
980 -0.214221 0.0314659 -0.0346721 0.413039 0.32013 0.0735482
982 -0.21371 0.0318604 -0.0345811 0.416713 0.319587 0.0741427
984 -0.213193 0.0322542 -0.0344892 0.420401 0.319033 0.0747394
986 -0.212673 0.0326474 -0.0343967 0.424103 0.318469 0.0753382
988 -0.212147 0.0330398 -0.0343034 0.42782 0.317894 0.0759394
990 -0.211617 0.0334316 -0.0342094 0.431552 0.317308 0.0765427
992 -0.211083 0.0338226 -0.0341146 0.435299 0.316712 0.0771484
994 -0.210543 0.0342129 -0.034019 0.439062 0.316105 0.0777564
996 -0.209999 0.0346024 -0.0339228 0.44284 0.315487 0.0783668
998 -0.209451 0.0349911 -0.0338257 0.446633 0.314857 0.0789795
1000 -0.208898 0.0353791 -0.0337279 0.450443 0.314217 0.0795946
1002 -0.20834 0.0357662 -0.0336294 0.454268 0.313564 0.0802122
1004 -0.207777 0.0361526 -0.0335301 0.45811 0.3129 0.0808323
1006 -0.20721 0.0365381 -0.03343 0.461969 0.312224 0.0814549
1008 -0.206637 0.0369228 -0.0333291 0.465844 0.311536 0.0820801
1010 -0.20606 0.0373066 -0.0332275 0.469737 0.310836 0.0827078
1012 -0.205479 0.0376895 -0.0331251 0.473647 0.310124 0.0833382
1014 -0.204892 0.0380716 -0.0330219 0.477574 0.309399 0.0839712
1016 -0.204301 0.0384528 -0.032918 0.481519 0.308661 0.0846069
1018 -0.203704 0.038833 -0.0328132 0.485482 0.30791 0.0852454
1020 -0.203103 0.0392123 -0.0327077 0.489463 0.307147 0.0858866
1022 -0.202497 0.0395907 -0.0326013 0.493463 0.306369 0.0865306
1024 -0.201886 0.0399681 -0.0324942 0.497481 0.305579 0.0871775
1026 -0.20127 0.0403445 -0.0323863 0.501519 0.304775 0.0878273
1028 -0.200648 0.0407199 -0.0322776 0.505575 0.303956 0.08848
1030 -0.200022 0.0410943 -0.032168 0.509652 0.303124 0.0891356
1032 -0.199391 0.0414677 -0.0320577 0.513748 0.302277 0.0897943
1034 -0.198755 0.04184 -0.0319465 0.517864 0.301416 0.090456
1036 -0.198114 0.0422112 -0.0318345 0.522001 0.30054 0.0911208
1038 -0.197467 0.0425814 -0.0317217 0.526158 0.299649 0.0917888
1040 -0.196816 0.0429504 -0.0316081 0.530337 0.298742 0.0924599
1042 -0.196159 0.0433183 -0.0314936 0.534536 0.29782 0.0931342
1044 -0.195497 0.0436851 -0.0313783 0.538758 0.296883 0.0938119
1046 -0.19483 0.0440506 -0.0312622 0.543001 0.295929 0.0944928
1048 -0.194158 0.0444151 -0.0311452 0.547266 0.294959 0.0951772
1050 -0.19348 0.0447783 -0.0310274 0.551554 0.293972 0.0958649
1052 -0.192797 0.0451402 -0.0309088 0.555865 0.292969 0.0965561
1054 -0.192109 0.045501 -0.0307892 0.560199 0.291948 0.0972508
1056 -0.191415 0.0458604 -0.0306689 0.564557 0.29091 0.0979491
1058 -0.190716 0.0462186 -0.0305476 0.568939 0.289854 0.0986511
1060 -0.190012 0.0465754 -0.0304255 0.573344 0.28878 0.0993567
1062 -0.189302 0.0469309 -0.0303025 0.577775 0.287688 0.100066
1064 -0.188586 0.0472851 -0.0301787 0.58223 0.286577 0.100779
1066 -0.187865 0.0476379 -0.0300539 0.586711 0.285447 0.101496
1068 -0.187139 0.0479892 -0.0299283 0.591218 0.284298 0.102217
1070 -0.186407 0.0483392 -0.0298018 0.595751 0.283129 0.102942
1072 -0.185669 0.0486877 -0.0296743 0.60031 0.28194 0.103671
1074 -0.184926 0.0490347 -0.029546 0.604897 0.280731 0.104403
1076 -0.184177 0.0493802 -0.0294168 0.609511 0.2795 0.10514
1078 -0.183423 0.0497241 -0.0292867 0.614152 0.278249 0.105882
1080 -0.182662 0.0500666 -0.0291556 0.618822 0.276976 0.106627
1082 -0.181896 0.0504074 -0.0290236 0.623521 0.275681 0.107377
1084 -0.181124 0.0507466 -0.0288907 0.628249 0.274364 0.108131
1086 -0.180346 0.0510842 -0.0287569 0.633006 0.273024 0.10889
1088 -0.179563 0.0514201 -0.0286221 0.637794 0.27166 0.109653
1090 -0.178773 0.0517543 -0.0284864 0.642612 0.270273 0.110421
1092 -0.177977 0.0520868 -0.0283497 0.647461 0.268861 0.111194
1094 -0.177176 0.0524175 -0.0282121 0.652341 0.267425 0.111971
1096 -0.176368 0.0527465 -0.0280735 0.657254 0.265964 0.112753
1098 -0.175554 0.0530736 -0.0279339 0.662199 0.264477 0.11354
1100 -0.174735 0.0533989 -0.0277934 0.667178 0.262963 0.114332
1102 -0.173909 0.0537223 -0.0276519 0.67219 0.261423 0.115129
1104 -0.173076 0.0540438 -0.0275094 0.677237 0.259856 0.115932
1106 -0.172238 0.0543633 -0.0273659 0.682318 0.258261 0.116739
1108 -0.171393 0.0546809 -0.0272214 0.687434 0.256637 0.117552
1110 -0.170542 0.0549964 -0.0270759 0.692587 0.254985 0.11837
1112 -0.169685 0.0553098 -0.0269294 0.697776 0.253302 0.119194
1114 -0.168821 0.0556212 -0.0267819 0.703003 0.251589 0.120023
1116 -0.16795 0.0559305 -0.0266333 0.708267 0.249846 0.120858
1118 -0.167074 0.0562375 -0.0264837 0.71357 0.24807 0.121699
1120 -0.16619 0.0565424 -0.0263331 0.718912 0.246262 0.122545
1122 -0.1653 0.056845 -0.0261814 0.724294 0.244421 0.123398
1124 -0.164403 0.0571453 -0.0260287 0.729717 0.242547 0.124257
1126 -0.1635 0.0574433 -0.0258749 0.73518 0.240637 0.125122
1128 -0.16259 0.0577389 -0.0257201 0.740686 0.238692 0.125993
1130 -0.161673 0.0580321 -0.0255641 0.746235 0.236711 0.12687
1132 -0.160749 0.0583228 -0.0254071 0.751827 0.234693 0.127754
1134 -0.159818 0.0586111 -0.025249 0.757464 0.232637 0.128645
1136 -0.15888 0.0588967 -0.0250897 0.763146 0.230542 0.129542
1138 -0.157936 0.0591797 -0.0249294 0.768873 0.228407 0.130447
1140 -0.156984 0.0594601 -0.0247679 0.774648 0.226232 0.131358
1142 -0.156025 0.0597378 -0.0246054 0.780471 0.224014 0.132276
1144 -0.155058 0.0600127 -0.0244416 0.786342 0.221754 0.133202
1146 -0.154085 0.0602848 -0.0242768 0.792262 0.21945 0.134135
1148 -0.153104 0.0605541 -0.0241107 0.798233 0.217102 0.135076
1150 -0.152116 0.0608204 -0.0239436 0.804256 0.214707 0.136024
1152 -0.15112 0.0610837 -0.0237752 0.810331 0.212264 0.13698
1154 -0.150117 0.061344 -0.0236056 0.816459 0.209774 0.137944
1156 -0.149106 0.0616011 -0.0234349 0.822642 0.207233 0.138916
1158 -0.148087 0.0618551 -0.023263 0.82888 0.204642 0.139896
1160 -0.147061 0.0621059 -0.0230898 0.835176 0.201998 0.140885
1162 -0.146027 0.0623534 -0.0229154 0.841529 0.1993 0.141882
1164 -0.144985 0.0625975 -0.0227398 0.847941 0.196547 0.142888
1166 -0.143935 0.0628382 -0.0225629 0.854413 0.193737 0.143903
1168 -0.142878 0.0630754 -0.0223848 0.860946 0.190868 0.144927
1170 -0.141812 0.0633091 -0.0222054 0.867542 0.18794 0.14596
1172 -0.140737 0.063539 -0.0220247 0.874203 0.18495 0.147002
1174 -0.139655 0.0637653 -0.0218428 0.880928 0.181896 0.148055
1176 -0.138564 0.0639877 -0.0216595 0.88772 0.178778 0.149117
1178 -0.137465 0.0642063 -0.0214749 0.89458 0.175592 0.150189
1180 -0.136357 0.0644208 -0.021289 0.90151 0.172336 0.151271
1182 -0.135241 0.0646314 -0.0211018 0.908511 0.16901 0.152363
1184 -0.134116 0.0648377 -0.0209132 0.915584 0.16561 0.153467
1186 -0.132983 0.0650399 -0.0207232 0.922732 0.162134 0.154581
1188 -0.13184 0.0652377 -0.0205318 0.929955 0.158581 0.155706
1190 -0.130689 0.065431 -0.0203391 0.937256 0.154947 0.156843
1192 -0.129528 0.0656198 -0.0201449 0.944635 0.15123 0.157991
1194 -0.128358 0.065804 -0.0199493 0.952096 0.147428 0.159151
1196 -0.127179 0.0659835 -0.0197523 0.95964 0.143537 0.160323
1198 -0.125991 0.0661581 -0.0195538 0.967269 0.139556 0.161507
1200 -0.124793 0.0663277 -0.0193539 0.974984 0.13548 0.162704
1202 -0.123586 0.0664923 -0.0191525 0.982787 0.131307 0.163914
1204 -0.122369 0.0666516 -0.0189495 0.990682 0.127033 0.165137
1206 -0.121142 0.0668056 -0.0187451 0.998669 0.122655 0.166373
1208 -0.119905 0.0669541 -0.0185391 1.00675 0.11817 0.167624
1210 -0.118658 0.067097 -0.0183316 1.01493 0.113574 0.168888
1212 -0.117401 0.0672342 -0.0181225 1.02321 0.108862 0.170167
1214 -0.116134 0.0673655 -0.0179118 1.03159 0.104031 0.17146
1216 -0.114857 0.0674908 -0.0176995 1.04008 0.099076 0.172768
1218 -0.113568 0.0676099 -0.0174856 1.04867 0.0939931 0.174092
1220 -0.11227 0.0677226 -0.0172701 1.05738 0.0887772 0.175431
1222 -0.11096 0.0678288 -0.0170529 1.06619 0.0834234 0.176787
1224 -0.109639 0.0679284 -0.016834 1.07513 0.0779264 0.178159
1226 -0.108308 0.068021 -0.0166134 1.08418 0.0722806 0.179548
1228 -0.106965 0.0681066 -0.016391 1.09335 0.0664803 0.180954
1230 -0.105611 0.0681849 -0.016167 1.10265 0.0605194 0.182378
1232 -0.104245 0.0682558 -0.0159411 1.11207 0.0543914 0.18382
1234 -0.102867 0.068319 -0.0157135 1.12163 0.0480894 0.185281
1236 -0.101478 0.0683744 -0.0154841 1.13132 0.0416064 0.18676
1238 -0.100076 0.0684216 -0.0152528 1.14115 0.0349346 0.188259
1240 -0.0986628 0.0684605 -0.0150197 1.15112 0.0280662 0.189778
1242 -0.0972368 0.0684907 -0.0147846 1.16124 0.0209926 0.191318
1244 -0.0957982 0.0685122 -0.0145477 1.17151 0.0137048 0.192878
1246 -0.0943468 0.0685245 -0.0143088 1.18193 0.00619343 0.19446
1248 -0.0928825 0.0685273 -0.014068 1.19251 -0.0015517 0.196063
1250 -0.091405 0.0685205 -0.0138252 1.20325 -0.00954126 0.197689
1252 -0.0899142 0.0685037 -0.0135803 1.21416 -0.0177866 0.199338
1254 -0.0884098 0.0684765 -0.0133334 1.22524 -0.0262998 0.201011
1256 -0.0868916 0.0684387 -0.0130844 1.2365 -0.0350936 0.202708
1258 -0.0853595 0.0683899 -0.0128334 1.24794 -0.0441819 0.204429
1260 -0.0838131 0.0683296 -0.0125801 1.25957 -0.053579 0.206176
1262 -0.0822522 0.0682575 -0.0123247 1.27139 -0.0633007 0.207948
1264 -0.0806767 0.0681733 -0.0120672 1.28341 -0.0733635 0.209747
1266 -0.0790862 0.0680764 -0.0118073 1.29563 -0.0837851 0.211573
1268 -0.0774805 0.0679665 -0.0115452 1.30805 -0.0945846 0.213427
1270 -0.0758593 0.0678429 -0.0112808 1.3207 -0.105782 0.215309
1272 -0.0742225 0.0677053 -0.0110141 1.33356 -0.1174 0.217219
1274 -0.0725696 0.0675531 -0.010745 1.34665 -0.129462 0.21916
1276 -0.0709004 0.0673858 -0.0104734 1.35997 -0.141992 0.22113
1278 -0.0692147 0.0672027 -0.0101995 1.37353 -0.155018 0.22313
1280 -0.067512 0.0670032 -0.009923 1.38733 -0.168569 0.225162
1282 -0.0657922 0.0667866 -0.00964401 1.40139 -0.182678 0.227225
1284 -0.0640549 0.0665523 -0.00936246 1.4157 -0.197377 0.22932
1286 -0.0622998 0.0662995 -0.0090783 1.43028 -0.212704 0.231448
1288 -0.0605266 0.0660273 -0.0087915 1.44513 -0.228699 0.233607
1290 -0.0587348 0.065735 -0.00850202 1.46025 -0.245406 0.2358
1292 -0.0569243 0.0654216 -0.00820981 1.47565 -0.262872 0.238025
1294 -0.0550945 0.0650862 -0.00791483 1.49133 -0.281148 0.240283
1296 -0.0532453 0.0647277 -0.00761706 1.50731 -0.300291 0.242573
1298 -0.0513761 0.0643451 -0.00731643 1.52357 -0.320361 0.244895
1300 -0.0494867 0.063937 -0.00701293 1.54013 -0.341427 0.247247
1302 -0.0475768 0.0635024 -0.0067065 1.55699 -0.363561 0.24963
1304 -0.0456458 0.0630397 -0.00639712 1.57414 -0.386844 0.25204
1306 -0.0436935 0.0625476 -0.00608475 1.59158 -0.411366 0.254477
1308 -0.0417195 0.0620244 -0.00576936 1.6093 -0.437224 0.256937
1310 -0.0397235 0.0614684 -0.00545092 1.62731 -0.464525 0.259417
1312 -0.0377051 0.0608778 -0.00512941 1.64557 -0.493391 0.261912
1314 -0.035664 0.0602506 -0.00480482 1.66408 -0.523952 0.264418
1316 -0.0336 0.0595846 -0.00447714 1.6828 -0.556355 0.266927
1318 -0.0315128 0.0588774 -0.00414636 1.70171 -0.590765 0.269431
1320 -0.0294021 0.0581264 -0.0038125 1.72075 -0.627362 0.271919
1322 -0.0272679 0.0573288 -0.00347559 1.73988 -0.666349 0.274379
1324 -0.0251101 0.0564815 -0.00313567 1.75902 -0.707952 0.276794
1326 -0.0229287 0.0555812 -0.00279281 1.77807 -0.752424 0.279145
1328 -0.020724 0.0546241 -0.0024471 1.79693 -0.800048 0.281408
1330 -0.0184962 0.0536062 -0.00209867 1.81543 -0.85114 0.283552
1332 -0.0162458 0.0525229 -0.00174769 1.83339 -0.906052 0.285539
1334 -0.0139738 0.0513694 -0.00139438 1.85057 -0.965181 0.287325
1336 -0.0116812 0.0501401 -0.00103901 1.86667 -1.02896 0.28885
1338 -0.00936965 0.048829 -0.000681965 1.88131 -1.09789 0.290045
1340 -0.00704116 0.0474294 -0.000323693 1.89399 -1.17249 0.290819
1342 -0.00469852 0.045934 3.52206e-05 1.90413 -1.25336 0.291063
1344 -0.00234535 0.0443348 0.000394038 1.91093 -1.34111 0.290639
1346 1.36712e-05 0.0426226 0.000751835 1.91344 -1.43641 0.289375
1348 0.00237251 0.040788 0.00110745 1.91041 -1.53991 0.287057
1350 0.00472345 0.0388203 0.00145942 1.90033 -1.65221 0.283424
1352 0.00705662 0.0367084 0.00180593 1.88126 -1.77382 0.27815
1354 0.00935956 0.0344406 0.00214474 1.85087 -1.90501 0.270846
1356 0.0116166 0.0320052 0.00247304 1.80633 -2.04565 0.261048
1358 0.0138083 0.0293908 0.00278745 1.74431 -2.19497 0.248223
1360 0.0159108 0.0265877 0.00308388 1.66109 -2.35128 0.231791
1362 0.0178956 0.0235889 0.00335752 1.55282 -2.51157 0.211168
1364 0.0197296 0.0203923 0.00360287 1.41593 -2.67119 0.185851
1366 0.0213757 0.0170024 0.00381393 1.24794 -2.82365 0.155547
1368 0.022795 0.0134331 0.00398455 1.0484 -2.96083 0.120324
1370 0.0239499 0.00970857 0.00410895 0.819911 -3.07371 0.0807662
1372 0.0248082 0.00586426 0.00418247 0.568654 -3.15382 0.0380417
1374 0.0253472 0.0019447 0.00420218 0.304138 -3.19498 -0.00617776
1376 0.0255577 -0.00200013 0.00416741 0.0378508 -3.19477 -0.0499611
1378 0.0254446 -0.00591997 0.00407988 -0.21877 -3.1551 -0.0914608
1380 0.025026 -0.00976925 0.00394334 -0.456286 -3.08151 -0.129223
1382 0.0243295 -0.0135108 0.00376302 -0.668439 -2.98174 -0.162353
1384 0.0233887 -0.0171173 0.00354489 -0.852332 -2.86402 -0.190522
1386 0.0222386 -0.0205716 0.00329503 -1.00786 -2.73587 -0.213842
1388 0.0209134 -0.0238645 0.00301921 -1.13679 -2.60341 -0.232714
1390 0.0194441 -0.0269939 0.00272257 -1.24197 -2.47117 -0.247683
1392 0.0178581 -0.0299619 0.00240958 -1.32658 -2.34226 -0.259329
1394 0.0161788 -0.032774 0.00208399 -1.39379 -2.21865 -0.268207
1396 0.0144259 -0.0354376 0.00174889 -1.4465 -2.10143 -0.274812
1398 0.0126155 -0.0379608 0.00140683 -1.48723 -1.99111 -0.27957
1400 0.0107611 -0.0403522 0.00105985 -1.51815 -1.88777 -0.282837
1402 0.00887374 -0.0426204 0.000709608 -1.54105 -1.79127 -0.284905
1404 0.00696229 -0.0447736 0.000357431 -1.5574 -1.70129 -0.286011
1406 0.00503408 -0.0468197 4.3807e-06 -1.56842 -1.61745 -0.286349
1408 0.00309504 -0.048766 -0.000348693 -1.5751 -1.53931 -0.286073
1410 0.00115003 -0.0506191 -0.000701113 -1.57823 -1.46646 -0.285307
1412 -0.000797021 -0.0523855 -0.00105234 -1.57849 -1.39847 -0.284154
1414 -0.00274288 -0.0540708 -0.00140195 -1.5764 -1.33494 -0.282692
1416 -0.00468495 -0.0556802 -0.0017496 -1.57239 -1.2755 -0.280988
1418 -0.00662107 -0.0572187 -0.00209502 -1.56683 -1.21981 -0.279094
1420 -0.00854953 -0.0586907 -0.00243801 -1.56 -1.16755 -0.277052
1422 -0.0104689 -0.0601002 -0.00277841 -1.55215 -1.11845 -0.274897
1424 -0.0123781 -0.0614509 -0.0031161 -1.54347 -1.07223 -0.272657
1426 -0.0142761 -0.0627463 -0.00345099 -1.53412 -1.02866 -0.270355
1428 -0.0161623 -0.0639895 -0.00378301 -1.52425 -0.987539 -0.268008
1430 -0.018036 -0.0651833 -0.00411211 -1.51397 -0.948661 -0.265633
1432 -0.0198969 -0.0663305 -0.00443827 -1.50336 -0.911857 -0.263241
1434 -0.0217445 -0.0674335 -0.00476148 -1.4925 -0.876966 -0.260842
1436 -0.0235785 -0.0684946 -0.00508173 -1.48146 -0.843847 -0.258445
1438 -0.0253989 -0.0695158 -0.00539902 -1.47029 -0.812368 -0.256055
1440 -0.0272055 -0.0704992 -0.00571338 -1.45904 -0.782411 -0.253678
1442 -0.0289981 -0.0714465 -0.00602481 -1.44774 -0.753869 -0.251318
1444 -0.0307768 -0.0723594 -0.00633335 -1.43643 -0.726643 -0.248979
1446 -0.0325416 -0.0732395 -0.00663901 -1.42512 -0.700644 -0.246663
1448 -0.0342924 -0.0740882 -0.00694183 -1.41385 -0.67579 -0.244372
1450 -0.0360293 -0.074907 -0.00724185 -1.40263 -0.652006 -0.242108
1452 -0.0377525 -0.075697 -0.00753909 -1.39147 -0.629224 -0.239872
1454 -0.0394619 -0.0764596 -0.00783358 -1.38039 -0.60738 -0.237666
1456 -0.0411577 -0.0771957 -0.00812538 -1.36939 -0.586417 -0.235489
1458 -0.04284 -0.0779065 -0.00841451 -1.35848 -0.566281 -0.233342
1460 -0.0445089 -0.0785929 -0.00870101 -1.34768 -0.546924 -0.231225
1462 -0.0461645 -0.079256 -0.00898492 -1.33698 -0.5283 -0.229138
1464 -0.047807 -0.0798965 -0.00926627 -1.3264 -0.510367 -0.227082
1466 -0.0494366 -0.0805152 -0.0095451 -1.31592 -0.493086 -0.225056
1468 -0.0510533 -0.0811131 -0.00982145 -1.30556 -0.476421 -0.223059
1470 -0.0526572 -0.0816907 -0.0100954 -1.29532 -0.460339 -0.221092
1472 -0.0542486 -0.0822489 -0.0103669 -1.28519 -0.444809 -0.219154
1474 -0.0558276 -0.0827882 -0.010636 -1.27518 -0.429803 -0.217244
1476 -0.0573944 -0.0833093 -0.0109028 -1.26529 -0.415292 -0.215362
1478 -0.058949 -0.0838129 -0.0111673 -1.25552 -0.401253 -0.213508
1480 -0.0604916 -0.0842994 -0.0114295 -1.24586 -0.387662 -0.211682
1482 -0.0620223 -0.0847693 -0.0116895 -1.23633 -0.374497 -0.209882
1484 -0.0635414 -0.0852233 -0.0119472 -1.2269 -0.361737 -0.208107
1486 -0.065049 -0.0856618 -0.0122028 -1.21759 -0.349363 -0.206359
1488 -0.0665451 -0.0860853 -0.0124563 -1.20839 -0.337358 -0.204635
1490 -0.0680299 -0.0864942 -0.0127077 -1.19931 -0.325705 -0.202936
1492 -0.0695036 -0.0868889 -0.0129569 -1.19033 -0.314387 -0.201261
1494 -0.0709663 -0.0872699 -0.0132041 -1.18146 -0.30339 -0.199609
1496 -0.0724181 -0.0876375 -0.0134493 -1.1727 -0.2927 -0.19798
1498 -0.0738592 -0.087992 -0.0136925 -1.16404 -0.282304 -0.196374
1500 -0.0752897 -0.088334 -0.0139338 -1.15548 -0.272189 -0.194789
1502 -0.0767096 -0.0886636 -0.0141731 -1.14703 -0.262343 -0.193225
1504 -0.0781192 -0.0889812 -0.0144104 -1.13867 -0.252756 -0.191683
1506 -0.0795186 -0.0892872 -0.0146459 -1.13041 -0.243417 -0.190161
1508 -0.0809078 -0.0895818 -0.0148795 -1.12225 -0.234315 -0.188658
1510 -0.082287 -0.0898653 -0.0151113 -1.11418 -0.225442 -0.187176
1512 -0.0836563 -0.090138 -0.0153413 -1.10621 -0.21679 -0.185712
1514 -0.0850159 -0.0904002 -0.0155694 -1.09832 -0.208348 -0.184266
1516 -0.0863658 -0.0906521 -0.0157958 -1.09052 -0.20011 -0.182839
1518 -0.0877061 -0.0908939 -0.0160205 -1.08281 -0.192067 -0.18143
1520 -0.0890369 -0.0911259 -0.0162434 -1.07518 -0.184213 -0.180038
1522 -0.0903584 -0.0913484 -0.0164646 -1.06764 -0.176541 -0.178662
1524 -0.0916706 -0.0915615 -0.0166841 -1.06018 -0.169043 -0.177304
1526 -0.0929737 -0.0917655 -0.016902 -1.0528 -0.161715 -0.175961
1528 -0.0942677 -0.0919605 -0.0171182 -1.0455 -0.15455 -0.174635
1530 -0.0955528 -0.0921468 -0.0173328 -1.03827 -0.147542 -0.173323
1532 -0.096829 -0.0923245 -0.0175458 -1.03112 -0.140687 -0.172027
1534 -0.0980965 -0.0924939 -0.0177572 -1.02405 -0.133978 -0.170746
1536 -0.0993552 -0.0926551 -0.017967 -1.01704 -0.127411 -0.169479
1538 -0.100605 -0.0928083 -0.0181752 -1.01011 -0.120982 -0.168226
1540 -0.101847 -0.0929536 -0.018382 -1.00325 -0.114685 -0.166987
1542 -0.10308 -0.0930912 -0.0185872 -0.996456 -0.108517 -0.165761
1544 -0.104305 -0.0932213 -0.0187909 -0.98973 -0.102474 -0.164549
1546 -0.105522 -0.093344 -0.0189931 -0.983069 -0.0965517 -0.163349
1548 -0.10673 -0.0934595 -0.0191938 -0.976472 -0.090746 -0.162162
1550 -0.107931 -0.093568 -0.0193931 -0.969939 -0.0850536 -0.160988
1552 -0.109123 -0.0936694 -0.019591 -0.963468 -0.0794712 -0.159826
1554 -0.110307 -0.093764 -0.0197874 -0.957057 -0.0739953 -0.158675
1556 -0.111484 -0.093852 -0.0199824 -0.950706 -0.0686229 -0.157536
1558 -0.112653 -0.0939334 -0.020176 -0.944414 -0.0633509 -0.156409
1560 -0.113814 -0.0940083 -0.0203682 -0.938179 -0.0581764 -0.155293
1562 -0.114967 -0.0940769 -0.0205591 -0.932 -0.0530965 -0.154187
1564 -0.116113 -0.0941393 -0.0207486 -0.925876 -0.0481087 -0.153093
1566 -0.117251 -0.0941956 -0.0209368 -0.919807 -0.0432102 -0.152009
1568 -0.118382 -0.0942459 -0.0211236 -0.91379 -0.0383987 -0.150935
1570 -0.119505 -0.0942904 -0.0213091 -0.907826 -0.0336718 -0.149871
1572 -0.120621 -0.094329 -0.0214933 -0.901913 -0.029027 -0.148817
1574 -0.12173 -0.094362 -0.0216762 -0.89605 -0.0244623 -0.147772
1576 -0.122832 -0.0943894 -0.0218578 -0.890237 -0.0199754 -0.146738
1578 -0.123926 -0.0944113 -0.0220382 -0.884472 -0.0155644 -0.145712
1580 -0.125014 -0.0944278 -0.0222173 -0.878754 -0.0112272 -0.144696
1582 -0.126094 -0.0944391 -0.0223951 -0.873083 -0.00696186 -0.143688
1584 -0.127167 -0.094445 -0.0225717 -0.867458 -0.00276663 -0.142689
1586 -0.128234 -0.0944459 -0.0227471 -0.861878 0.00136031 -0.141699
1588 -0.129293 -0.0944417 -0.0229213 -0.856343 0.00542068 -0.140718
1590 -0.130346 -0.0944326 -0.0230943 -0.85085 0.00941614 -0.139744
1592 -0.131392 -0.0944185 -0.023266 -0.845401 0.0133483 -0.138779
1594 -0.132432 -0.0943997 -0.0234366 -0.839993 0.0172187 -0.137822
1596 -0.133464 -0.0943761 -0.023606 -0.834626 0.0210288 -0.136872
1598 -0.134491 -0.0943478 -0.0237743 -0.8293 0.0247802 -0.13593
1600 -0.13551 -0.094315 -0.0239413 -0.824013 0.0284741 -0.134996
1602 -0.136523 -0.0942776 -0.0241073 -0.818766 0.032112 -0.134069
1604 -0.13753 -0.0942358 -0.0242721 -0.813557 0.0356951 -0.13315
1606 -0.13853 -0.0941896 -0.0244357 -0.808386 0.0392247 -0.132237
1608 -0.139524 -0.094139 -0.0245983 -0.803252 0.0427021 -0.131332
1610 -0.140512 -0.0940842 -0.0247597 -0.798154 0.0461285 -0.130433
1612 -0.141493 -0.0940253 -0.02492 -0.793092 0.0495049 -0.129542
1614 -0.142468 -0.0939621 -0.0250793 -0.788066 0.0528326 -0.128657
1616 -0.143437 -0.0938949 -0.0252374 -0.783074 0.0561125 -0.127778
1618 -0.1444 -0.0938237 -0.0253945 -0.778116 0.0593458 -0.126906
1620 -0.145357 -0.0937486 -0.0255505 -0.773192 0.0625335 -0.12604
1622 -0.146307 -0.0936695 -0.0257054 -0.768301 0.0656765 -0.125181
1624 -0.147252 -0.0935866 -0.0258593 -0.763442 0.0687758 -0.124327
1626 -0.148191 -0.0934999 -0.0260121 -0.758616 0.0718323 -0.12348
1628 -0.149123 -0.0934094 -0.0261639 -0.75382 0.074847 -0.122638
1630 -0.15005 -0.0933152 -0.0263146 -0.749056 0.0778207 -0.121803
1632 -0.150971 -0.0932174 -0.0264644 -0.744322 0.0807542 -0.120973
1634 -0.151886 -0.093116 -0.0266131 -0.739618 0.0836485 -0.120148
1636 -0.152796 -0.0930111 -0.0267607 -0.734943 0.0865042 -0.119329
1638 -0.153699 -0.0929027 -0.0269074 -0.730297 0.0893222 -0.118516
1640 -0.154597 -0.0927908 -0.0270531 -0.72568 0.0921032 -0.117708
1642 -0.155489 -0.0926755 -0.0271978 -0.721091 0.094848 -0.116905
1644 -0.156376 -0.0925568 -0.0273415 -0.71653 0.0975573 -0.116107
1646 -0.157257 -0.0924348 -0.0274842 -0.711995 0.100232 -0.115314
1648 -0.158132 -0.0923096 -0.027626 -0.707488 0.102872 -0.114527
1650 -0.159002 -0.0921811 -0.0277667 -0.703007 0.105479 -0.113744
1652 -0.159867 -0.0920494 -0.0279065 -0.698552 0.108053 -0.112966
1654 -0.160726 -0.0919145 -0.0280454 -0.694123 0.110595 -0.112193
1656 -0.161579 -0.0917766 -0.0281833 -0.689718 0.113105 -0.111425
1658 -0.162427 -0.0916355 -0.0283203 -0.685339 0.115584 -0.110661
1660 -0.16327 -0.0914915 -0.0284563 -0.680984 0.118032 -0.109902
1662 -0.164107 -0.0913444 -0.0285914 -0.676653 0.120451 -0.109147
1664 -0.164939 -0.0911944 -0.0287255 -0.672346 0.122841 -0.108397
1666 -0.165765 -0.0910414 -0.0288588 -0.668062 0.125201 -0.107651
1668 -0.166587 -0.0908855 -0.0289911 -0.663801 0.127534 -0.106909
1670 -0.167403 -0.0907268 -0.0291225 -0.659563 0.129838 -0.106172
1672 -0.168214 -0.0905652 -0.029253 -0.655347 0.132116 -0.105439
1674 -0.16902 -0.0904009 -0.0293826 -0.651153 0.134366 -0.104709
1676 -0.16982 -0.0902338 -0.0295113 -0.646981 0.13659 -0.103984
1678 -0.170616 -0.090064 -0.0296391 -0.642831 0.138788 -0.103263
1680 -0.171406 -0.0898914 -0.029766 -0.638701 0.140961 -0.102546
1682 -0.172191 -0.0897162 -0.0298921 -0.634592 0.143109 -0.101832
1684 -0.172971 -0.0895384 -0.0300173 -0.630503 0.145232 -0.101123
1686 -0.173747 -0.089358 -0.0301415 -0.626435 0.147332 -0.100417
1688 -0.174517 -0.089175 -0.030265 -0.622387 0.149407 -0.0997148
1690 -0.175282 -0.0889894 -0.0303875 -0.618358 0.151459 -0.0990162
1692 -0.176042 -0.0888014 -0.0305092 -0.614349 0.153488 -0.0983212
1694 -0.176797 -0.0886108 -0.0306301 -0.610358 0.155494 -0.0976297
1696 -0.177548 -0.0884178 -0.0307501 -0.606386 0.157479 -0.0969418
1698 -0.178293 -0.0882223 -0.0308692 -0.602433 0.159441 -0.0962572
1700 -0.179034 -0.0880245 -0.0309875 -0.598498 0.161382 -0.095576
1702 -0.17977 -0.0878242 -0.031105 -0.594581 0.163302 -0.0948982
1704 -0.180501 -0.0876217 -0.0312216 -0.590682 0.1652 -0.0942236
1706 -0.181227 -0.0874167 -0.0313374 -0.586801 0.167079 -0.0935523
1708 -0.181948 -0.0872095 -0.0314524 -0.582936 0.168937 -0.0928842
1710 -0.182665 -0.087 -0.0315665 -0.579089 0.170775 -0.0922192
1712 -0.183377 -0.0867882 -0.0316799 -0.575258 0.172594 -0.0915573
1714 -0.184084 -0.0865743 -0.0317924 -0.571444 0.174393 -0.0908985
1716 -0.184786 -0.0863581 -0.0319041 -0.567646 0.176174 -0.0902427
1718 -0.185484 -0.0861397 -0.032015 -0.563865 0.177936 -0.0895899
1720 -0.186177 -0.0859191 -0.0321251 -0.560099 0.179679 -0.08894
1722 -0.186866 -0.0856964 -0.0322344 -0.556349 0.181404 -0.088293
1724 -0.18755 -0.0854716 -0.0323429 -0.552614 0.183112 -0.0876489
1726 -0.188229 -0.0852447 -0.0324506 -0.548894 0.184801 -0.0870075
1728 -0.188904 -0.0850158 -0.0325576 -0.54519 0.186474 -0.086369
1730 -0.189574 -0.0847847 -0.0326637 -0.5415 0.188129 -0.0857332
1732 -0.19024 -0.0845517 -0.0327691 -0.537825 0.189768 -0.0851
1734 -0.190901 -0.0843166 -0.0328736 -0.534165 0.191389 -0.0844696
1736 -0.191557 -0.0840796 -0.0329774 -0.530518 0.192995 -0.0838418
1738 -0.192209 -0.0838405 -0.0330805 -0.526886 0.194584 -0.0832165
1740 -0.192857 -0.0835996 -0.0331827 -0.523268 0.196158 -0.0825939
1742 -0.1935 -0.0833567 -0.0332842 -0.519663 0.197715 -0.0819737
1744 -0.194139 -0.0831118 -0.0333849 -0.516071 0.199258 -0.081356
1746 -0.194773 -0.0828651 -0.0334849 -0.512493 0.200785 -0.0807408
1748 -0.195403 -0.0826165 -0.0335841 -0.508928 0.202297 -0.0801281
1750 -0.196029 -0.0823661 -0.0336826 -0.505377 0.203794 -0.0795177
1752 -0.19665 -0.0821138 -0.0337803 -0.501837 0.205276 -0.0789096
1754 -0.197267 -0.0818597 -0.0338772 -0.498311 0.206744 -0.0783039
1756 -0.197879 -0.0816038 -0.0339734 -0.494797 0.208198 -0.0777005
1758 -0.198487 -0.0813461 -0.0340689 -0.491295 0.209638 -0.0770994
1760 -0.199091 -0.0810867 -0.0341636 -0.487805 0.211063 -0.0765004
1762 -0.199691 -0.0808255 -0.0342576 -0.484327 0.212475 -0.0759037
1764 -0.200286 -0.0805626 -0.0343509 -0.480861 0.213874 -0.0753092
1766 -0.200877 -0.0802979 -0.0344434 -0.477407 0.215259 -0.0747168
1768 -0.201463 -0.0800316 -0.0345352 -0.473964 0.216631 -0.0741266
1770 -0.202046 -0.0797635 -0.0346262 -0.470533 0.21799 -0.0735384
1772 -0.202624 -0.0794938 -0.0347166 -0.467112 0.219336 -0.0729523
1774 -0.203198 -0.0792225 -0.0348062 -0.463703 0.220669 -0.0723682
1776 -0.203768 -0.0789495 -0.0348951 -0.460304 0.22199 -0.0717862
1778 -0.204334 -0.0786748 -0.0349833 -0.456917 0.223299 -0.0712061
1780 -0.204895 -0.0783986 -0.0350708 -0.45354 0.224595 -0.070628
1782 -0.205453 -0.0781208 -0.0351575 -0.450173 0.225879 -0.0700518
1784 -0.206006 -0.0778414 -0.0352436 -0.446817 0.227151 -0.0694776
1786 -0.206555 -0.0775605 -0.0353289 -0.44347 0.228412 -0.0689052
1788 -0.2071 -0.077278 -0.0354135 -0.440134 0.229661 -0.0683346
1790 -0.207641 -0.0769939 -0.0354975 -0.436808 0.230898 -0.0677659
1792 -0.208177 -0.0767084 -0.0355807 -0.433492 0.232124 -0.067199
1794 -0.20871 -0.0764213 -0.0356632 -0.430185 0.233338 -0.0666339
1796 -0.209238 -0.0761328 -0.0357451 -0.426888 0.234542 -0.0660706
1798 -0.209763 -0.0758428 -0.0358262 -0.4236 0.235734 -0.065509
1800 -0.210283 -0.0755513 -0.0359067 -0.420321 0.236916 -0.0649491
1802 -0.2108 -0.0752583 -0.0359865 -0.417052 0.238087 -0.0643909
1804 -0.211312 -0.074964 -0.0360655 -0.413792 0.239247 -0.0638344
1806 -0.211821 -0.0746682 -0.0361439 -0.41054 0.240397 -0.0632795
1808 -0.212325 -0.0743709 -0.0362216 -0.407298 0.241536 -0.0627263
1810 -0.212825 -0.0740723 -0.0362987 -0.404064 0.242666 -0.0621746
1812 -0.213322 -0.0737723 -0.036375 -0.400838 0.243785 -0.0616246
1814 -0.213814 -0.073471 -0.0364507 -0.397621 0.244894 -0.0610761
1816 -0.214303 -0.0731682 -0.0365257 -0.394413 0.245993 -0.0605291
1818 -0.214787 -0.0728641 -0.0366 -0.391212 0.247082 -0.0599837
1820 -0.215268 -0.0725587 -0.0366736 -0.38802 0.248161 -0.0594398
1822 -0.215744 -0.072252 -0.0367466 -0.384836 0.249231 -0.0588974
1824 -0.216217 -0.0719439 -0.0368189 -0.381659 0.250292 -0.0583564
1826 -0.216686 -0.0716345 -0.0368906 -0.37849 0.251342 -0.0578169
1828 -0.217151 -0.0713239 -0.0369616 -0.375329 0.252384 -0.0572788
1830 -0.217612 -0.071012 -0.0370319 -0.372176 0.253416 -0.0567421
1832 -0.218069 -0.0706988 -0.0371015 -0.36903 0.25444 -0.0562068
1834 -0.218522 -0.0703843 -0.0371705 -0.365891 0.255454 -0.0556729
1836 -0.218971 -0.0700686 -0.0372389 -0.36276 0.256459 -0.0551403
1838 -0.219417 -0.0697517 -0.0373066 -0.359636 0.257456 -0.0546091
1840 -0.219859 -0.0694335 -0.0373736 -0.356519 0.258443 -0.0540791
1842 -0.220296 -0.0691141 -0.03744 -0.353409 0.259422 -0.0535505
1844 -0.22073 -0.0687936 -0.0375057 -0.350305 0.260393 -0.0530231
1846 -0.22116 -0.0684718 -0.0375708 -0.347209 0.261355 -0.052497
1848 -0.221587 -0.0681488 -0.0376352 -0.344119 0.262308 -0.0519722
1850 -0.222009 -0.0678247 -0.037699 -0.341036 0.263253 -0.0514486
1852 -0.222428 -0.0674994 -0.0377621 -0.337959 0.26419 -0.0509262
1854 -0.222843 -0.067173 -0.0378246 -0.334889 0.265119 -0.050405
1856 -0.223254 -0.0668454 -0.0378864 -0.331825 0.266039 -0.0498849
1858 -0.223662 -0.0665167 -0.0379477 -0.328767 0.266952 -0.0493661
1860 -0.224065 -0.0661869 -0.0380082 -0.325715 0.267856 -0.0488484
1862 -0.224465 -0.065856 -0.0380682 -0.322669 0.268753 -0.0483318
1864 -0.224861 -0.065524 -0.0381274 -0.31963 0.269642 -0.0478163
1866 -0.225254 -0.0651908 -0.0381861 -0.316596 0.270523 -0.0473019
1868 -0.225642 -0.0648566 -0.0382441 -0.313568 0.271396 -0.0467886
1870 -0.226027 -0.0645213 -0.0383015 -0.310545 0.272262 -0.0462764
1872 -0.226408 -0.064185 -0.0383583 -0.307528 0.27312 -0.0457652
1874 -0.226786 -0.0638476 -0.0384144 -0.304517 0.273971 -0.0452551
1876 -0.227159 -0.0635092 -0.0384699 -0.301511 0.274814 -0.044746
1878 -0.22753 -0.0631697 -0.0385248 -0.29851 0.27565 -0.0442379
1880 -0.227896 -0.0628292 -0.0385791 -0.295515 0.276479 -0.0437308
1882 -0.228259 -0.0624877 -0.0386327 -0.292525 0.2773 -0.0432247
1884 -0.228617 -0.0621451 -0.0386857 -0.28954 0.278114 -0.0427195
1886 -0.228973 -0.0618016 -0.0387381 -0.28656 0.278922 -0.0422153
1888 -0.229324 -0.0614571 -0.0387898 -0.283585 0.279722 -0.041712
1890 -0.229672 -0.0611116 -0.038841 -0.280615 0.280515 -0.0412097
1892 -0.230017 -0.0607651 -0.0388915 -0.27765 0.281301 -0.0407082
1894 -0.230357 -0.0604177 -0.0389414 -0.274689 0.28208 -0.0402077
1896 -0.230694 -0.0600693 -0.0389907 -0.271733 0.282853 -0.039708
1898 -0.231028 -0.0597199 -0.0390393 -0.268781 0.283619 -0.0392092
1900 -0.231357 -0.0593696 -0.0390874 -0.265834 0.284378 -0.0387113
1902 -0.231683 -0.0590184 -0.0391348 -0.262892 0.28513 -0.0382142
1904 -0.232006 -0.0586663 -0.0391817 -0.259954 0.285876 -0.0377179
1906 -0.232325 -0.0583132 -0.0392279 -0.25702 0.286615 -0.0372225
1908 -0.23264 -0.0579592 -0.0392735 -0.25409 0.287348 -0.0367278
1910 -0.232951 -0.0576044 -0.0393185 -0.251164 0.288074 -0.036234
1912 -0.233259 -0.0572486 -0.0393629 -0.248242 0.288794 -0.0357409
1914 -0.233564 -0.056892 -0.0394066 -0.245325 0.289507 -0.0352486
1916 -0.233865 -0.0565344 -0.0394498 -0.242411 0.290214 -0.034757
1918 -0.234162 -0.056176 -0.0394924 -0.239501 0.290915 -0.0342662
1920 -0.234455 -0.0558168 -0.0395343 -0.236595 0.291609 -0.0337761
1922 -0.234745 -0.0554567 -0.0395757 -0.233692 0.292298 -0.0332867
1924 -0.235032 -0.0550957 -0.0396165 -0.230793 0.29298 -0.032798
1926 -0.235315 -0.054734 -0.0396566 -0.227898 0.293656 -0.0323101
1928 -0.235594 -0.0543713 -0.0396962 -0.225006 0.294326 -0.0318228
1930 -0.23587 -0.0540079 -0.0397351 -0.222118 0.29499 -0.0313361
1932 -0.236142 -0.0536437 -0.0397735 -0.219233 0.295648 -0.0308501
1934 -0.236411 -0.0532786 -0.0398112 -0.216351 0.2963 -0.0303648
1936 -0.236676 -0.0529127 -0.0398484 -0.213472 0.296946 -0.0298801
1938 -0.236937 -0.0525461 -0.0398849 -0.210597 0.297586 -0.029396
1940 -0.237195 -0.0521786 -0.0399209 -0.207724 0.298221 -0.0289125
1942 -0.23745 -0.0518104 -0.0399562 -0.204855 0.298849 -0.0284296
1944 -0.237701 -0.0514414 -0.039991 -0.201989 0.299472 -0.0279473
1946 -0.237948 -0.0510717 -0.0400252 -0.199125 0.30009 -0.0274656
1948 -0.238192 -0.0507012 -0.0400588 -0.196264 0.300701 -0.0269845
1950 -0.238432 -0.0503299 -0.0400918 -0.193406 0.301307 -0.0265039
1952 -0.238669 -0.0499579 -0.0401242 -0.190551 0.301907 -0.0260238
1954 -0.238902 -0.0495851 -0.040156 -0.187698 0.302502 -0.0255443
1956 -0.239132 -0.0492117 -0.0401872 -0.184848 0.303091 -0.0250652
1958 -0.239358 -0.0488375 -0.0402178 -0.182001 0.303674 -0.0245867
1960 -0.239581 -0.0484626 -0.0402478 -0.179156 0.304252 -0.0241087
1962 -0.2398 -0.0480869 -0.0402773 -0.176313 0.304825 -0.0236312
1964 -0.240016 -0.0477106 -0.0403061 -0.173472 0.305392 -0.0231541
1966 -0.240228 -0.0473336 -0.0403344 -0.170634 0.305954 -0.0226776
1968 -0.240437 -0.0469559 -0.0403621 -0.167798 0.30651 -0.0222014
1970 -0.240642 -0.0465775 -0.0403891 -0.164964 0.307061 -0.0217258
1972 -0.240844 -0.0461984 -0.0404156 -0.162132 0.307607 -0.0212505
1974 -0.241042 -0.0458187 -0.0404416 -0.159302 0.308147 -0.0207757
1976 -0.241237 -0.0454383 -0.0404669 -0.156475 0.308682 -0.0203013
1978 -0.241428 -0.0450572 -0.0404916 -0.153649 0.309212 -0.0198273
1980 -0.241616 -0.0446755 -0.0405158 -0.150824 0.309736 -0.0193536
1982 -0.2418 -0.0442931 -0.0405394 -0.148002 0.310256 -0.0188804
1984 -0.241981 -0.0439101 -0.0405624 -0.145181 0.31077 -0.0184075
1986 -0.242158 -0.0435265 -0.0405848 -0.142362 0.311279 -0.017935
1988 -0.242332 -0.0431423 -0.0406066 -0.139545 0.311783 -0.0174629
1990 -0.242502 -0.0427574 -0.0406279 -0.136729 0.312282 -0.0169911
1992 -0.242669 -0.0423719 -0.0406485 -0.133914 0.312776 -0.0165196
1994 -0.242833 -0.0419858 -0.0406686 -0.131101 0.313265 -0.0160484
1996 -0.242993 -0.0415992 -0.0406881 -0.12829 0.313749 -0.0155776
1998 -0.243149 -0.0412119 -0.0407071 -0.125479 0.314227 -0.015107
2000 -0.243302 -0.040824 -0.0407254 -0.12267 0.314701 -0.0146368
2002 -0.243452 -0.0404356 -0.0407432 -0.119862 0.31517 -0.0141668
2004 -0.243598 -0.0400465 -0.0407603 -0.117055 0.315634 -0.0136971
2006 -0.24374 -0.0396569 -0.0407769 -0.114249 0.316093 -0.0132276
2008 -0.24388 -0.0392668 -0.040793 -0.111445 0.316546 -0.0127585
2010 -0.244015 -0.0388761 -0.0408084 -0.108641 0.316996 -0.0122895
2012 -0.244148 -0.0384848 -0.0408233 -0.105838 0.31744 -0.0118208
2014 -0.244276 -0.038093 -0.0408376 -0.103036 0.317879 -0.0113523
2016 -0.244402 -0.0377007 -0.0408513 -0.100234 0.318314 -0.010884
2018 -0.244524 -0.0373078 -0.0408644 -0.0974337 0.318743 -0.0104159
2020 -0.244642 -0.0369144 -0.040877 -0.0946337 0.319168 -0.00994804
2022 -0.244757 -0.0365205 -0.040889 -0.0918344 0.319588 -0.00948034
2024 -0.244869 -0.036126 -0.0409004 -0.0890355 0.320003 -0.00901281
2026 -0.244977 -0.0357311 -0.0409112 -0.0862372 0.320414 -0.00854545
2028 -0.245081 -0.0353356 -0.0409215 -0.0834393 0.32082 -0.00807824
2030 -0.245183 -0.0349396 -0.0409311 -0.0806418 0.321221 -0.00761117
2032 -0.24528 -0.0345432 -0.0409402 -0.0778446 0.321617 -0.00714425
2034 -0.245375 -0.0341463 -0.0409488 -0.0750476 0.322008 -0.00667744
2036 -0.245466 -0.0337489 -0.0409567 -0.0722509 0.322395 -0.00621076
2038 -0.245553 -0.033351 -0.0409641 -0.0694543 0.322777 -0.00574418
2040 -0.245637 -0.0329526 -0.0409709 -0.0666578 0.323155 -0.0052777
2042 -0.245717 -0.0325538 -0.0409771 -0.0638614 0.323528 -0.00481131
2044 -0.245794 -0.0321545 -0.0409827 -0.0610649 0.323896 -0.004345
2046 -0.245868 -0.0317548 -0.0409878 -0.0582684 0.324259 -0.00387876
2048 -0.245938 -0.0313546 -0.0409923 -0.0554717 0.324618 -0.00341258
2050 -0.246005 -0.030954 -0.0409962 -0.0526749 0.324973 -0.00294644
2052 -0.246068 -0.030553 -0.0409996 -0.0498778 0.325322 -0.00248035
2054 -0.246128 -0.0301515 -0.0410024 -0.0470804 0.325667 -0.00201429
2056 -0.246184 -0.0297496 -0.0410045 -0.0442826 0.326008 -0.00154826
2058 -0.246237 -0.0293473 -0.0410062 -0.0414844 0.326343 -0.00108223
2060 -0.246287 -0.0289446 -0.0410072 -0.0386858 0.326675 -0.000616213
2062 -0.246333 -0.0285415 -0.0410077 -0.0358866 0.327001 -0.000150186
2064 -0.246375 -0.0281379 -0.0410076 -0.0330869 0.327323 0.000315856
2066 -0.246414 -0.027734 -0.0410069 -0.0302865 0.327641 0.000781922
2068 -0.24645 -0.0273297 -0.0410057 -0.0274854 0.327954 0.00124802
2070 -0.246482 -0.026925 -0.0410038 -0.0246835 0.328262 0.00171417
2072 -0.246511 -0.0265199 -0.0410014 -0.0218809 0.328566 0.00218037
2074 -0.246536 -0.0261145 -0.0409985 -0.0190774 0.328865 0.00264663
2076 -0.246558 -0.0257087 -0.0409949 -0.0162729 0.32916 0.00311296
2078 -0.246576 -0.0253025 -0.0409908 -0.0134675 0.32945 0.00357937
2080 -0.246591 -0.024896 -0.0409861 -0.0106611 0.329736 0.00404588
2082 -0.246602 -0.0244891 -0.0409808 -0.0078535 0.330017 0.00451248
2084 -0.24661 -0.0240819 -0.0409749 -0.0050448 0.330294 0.0049792
2086 -0.246615 -0.0236743 -0.0409685 -0.00223488 0.330566 0.00544603
2088 -0.246616 -0.0232664 -0.0409615 0.000576309 0.330833 0.00591299
2090 -0.246613 -0.0228582 -0.0409539 0.00338882 0.331096 0.0063801
2092 -0.246607 -0.0224497 -0.0409458 0.00620272 0.331355 0.00684734
2094 -0.246598 -0.0220408 -0.040937 0.00901805 0.331609 0.00731475
2096 -0.246585 -0.0216317 -0.0409277 0.0118349 0.331858 0.00778233
2098 -0.246569 -0.0212222 -0.0409178 0.0146533 0.332103 0.00825008
2100 -0.246549 -0.0208124 -0.0409074 0.0174733 0.332344 0.00871801
2102 -0.246526 -0.0204024 -0.0408963 0.020295 0.332579 0.00918615
2104 -0.246499 -0.019992 -0.0408847 0.0231184 0.332811 0.00965448
2106 -0.246469 -0.0195814 -0.0408725 0.0259436 0.333037 0.010123
2108 -0.246435 -0.0191705 -0.0408597 0.0287707 0.33326 0.0105918
2110 -0.246398 -0.0187593 -0.0408464 0.0315997 0.333477 0.0110608
2112 -0.246357 -0.0183478 -0.0408325 0.0344306 0.333691 0.0115301
2114 -0.246313 -0.0179361 -0.0408179 0.0372636 0.333899 0.0119996
2116 -0.246265 -0.0175241 -0.0408029 0.0400987 0.334103 0.0124694
2118 -0.246214 -0.0171119 -0.0407872 0.0429359 0.334303 0.0129394
2120 -0.246159 -0.0166995 -0.0407709 0.0457754 0.334498 0.0134098
2122 -0.246101 -0.0162868 -0.0407541 0.0486171 0.334688 0.0138804
2124 -0.246039 -0.0158739 -0.0407367 0.0514611 0.334874 0.0143513
2126 -0.245974 -0.0154607 -0.0407187 0.0543076 0.335055 0.0148226
2128 -0.245905 -0.0150473 -0.0407001 0.0571565 0.335232 0.0152941
2130 -0.245833 -0.0146337 -0.040681 0.0600079 0.335404 0.015766
2132 -0.245757 -0.0142199 -0.0406612 0.0628619 0.335572 0.0162383
2134 -0.245678 -0.0138059 -0.0406409 0.0657185 0.335735 0.0167109
2136 -0.245595 -0.0133917 -0.04062 0.0685779 0.335893 0.0171838
2138 -0.245509 -0.0129774 -0.0405985 0.07144 0.336047 0.0176572
2140 -0.245419 -0.0125628 -0.0405765 0.0743049 0.336196 0.0181309
2142 -0.245326 -0.012148 -0.0405538 0.0771728 0.33634 0.018605
2144 -0.245229 -0.0117331 -0.0405306 0.0800436 0.33648 0.0190795
2146 -0.245128 -0.011318 -0.0405067 0.0829174 0.336615 0.0195544
2148 -0.245024 -0.0109027 -0.0404823 0.0857943 0.336745 0.0200298
2150 -0.244916 -0.0104873 -0.0404573 0.0886744 0.336871 0.0205056
2152 -0.244805 -0.0100717 -0.0404317 0.0915577 0.336992 0.0209818
2154 -0.244691 -0.00965598 -0.0404056 0.0944442 0.337109 0.0214585
2156 -0.244572 -0.00924012 -0.0403788 0.0973341 0.33722 0.0219357
2158 -0.24445 -0.00882412 -0.0403515 0.100227 0.337327 0.0224134
2160 -0.244325 -0.00840799 -0.0403235 0.103124 0.337429 0.0228915
2162 -0.244196 -0.00799174 -0.040295 0.106025 0.337527 0.0233701
2164 -0.244064 -0.00757537 -0.0402659 0.108929 0.337619 0.0238493
2166 -0.243927 -0.00715889 -0.0402361 0.111836 0.337707 0.0243289
2168 -0.243788 -0.00674231 -0.0402058 0.114748 0.33779 0.0248091
2170 -0.243644 -0.00632562 -0.0401749 0.117663 0.337868 0.0252899
2172 -0.243497 -0.00590884 -0.0401435 0.120582 0.337941 0.0257712
2174 -0.243347 -0.00549198 -0.0401114 0.123505 0.33801 0.026253
2176 -0.243193 -0.00507503 -0.0400787 0.126432 0.338073 0.0267355
2178 -0.243035 -0.00465801 -0.0400454 0.129364 0.338132 0.0272185
2180 -0.242874 -0.00424092 -0.0400116 0.132299 0.338186 0.0277021
2182 -0.242709 -0.00382376 -0.0399771 0.135239 0.338235 0.0281864
2184 -0.24254 -0.00340655 -0.039942 0.138183 0.338278 0.0286713
2186 -0.242368 -0.00298929 -0.0399064 0.141131 0.338317 0.0291567
2188 -0.242192 -0.00257198 -0.0398701 0.144084 0.338351 0.0296429
2190 -0.242012 -0.00215463 -0.0398332 0.147041 0.33838 0.0301297
2192 -0.241829 -0.00173725 -0.0397958 0.150003 0.338404 0.0306172
2194 -0.241642 -0.00131985 -0.0397577 0.15297 0.338423 0.0311053
2196 -0.241452 -0.00090242 -0.039719 0.155941 0.338436 0.0315942
2198 -0.241258 -0.000484981 -0.0396798 0.158917 0.338445 0.0320837
2200 -0.24106 -6.7534e-05 -0.0396399 0.161899 0.338448 0.032574
2202 -0.240858 0.000349914 -0.0395994 0.164885 0.338447 0.033065
2204 -0.240653 0.000767356 -0.0395583 0.167876 0.33844 0.0335567
2206 -0.240444 0.00118479 -0.0395166 0.170872 0.338427 0.0340492
2208 -0.240231 0.0016022 -0.0394743 0.173874 0.33841 0.0345425
2210 -0.240015 0.00201959 -0.0394314 0.176881 0.338387 0.0350365
2212 -0.239795 0.00243694 -0.0393879 0.179893 0.338359 0.0355314
2214 -0.239571 0.00285426 -0.0393438 0.182911 0.338326 0.036027
2216 -0.239344 0.00327154 -0.039299 0.185934 0.338287 0.0365235
2218 -0.239113 0.00368876 -0.0392537 0.188963 0.338243 0.0370208
2220 -0.238878 0.00410592 -0.0392077 0.191998 0.338194 0.0375189
2222 -0.238639 0.00452303 -0.0391611 0.195038 0.338139 0.0380179
2224 -0.238397 0.00494006 -0.0391139 0.198085 0.338079 0.0385177
2226 -0.23815 0.00535701 -0.0390661 0.201137 0.338013 0.0390185
2228 -0.2379 0.00577387 -0.0390177 0.204195 0.337941 0.0395201
2230 -0.237647 0.00619065 -0.0389686 0.20726 0.337864 0.0400227
2232 -0.237389 0.00660733 -0.0389189 0.210331 0.337781 0.0405262
2234 -0.237128 0.0070239 -0.0388686 0.213408 0.337693 0.0410306
2236 -0.236863 0.00744036 -0.0388177 0.216491 0.337599 0.041536
2238 -0.236594 0.0078567 -0.0387662 0.219581 0.337499 0.0420423
2240 -0.236321 0.00827291 -0.038714 0.222678 0.337393 0.0425496
2242 -0.236044 0.00868899 -0.0386612 0.225781 0.337282 0.043058
2244 -0.235764 0.00910493 -0.0386078 0.228891 0.337165 0.0435673
2246 -0.23548 0.00952072 -0.0385537 0.232008 0.337041 0.0440777
2248 -0.235192 0.00993635 -0.0384991 0.235132 0.336912 0.0445891
2250 -0.2349 0.0103518 -0.0384437 0.238263 0.336777 0.0451015
2252 -0.234604 0.0107671 -0.0383878 0.241401 0.336636 0.045615
2254 -0.234304 0.0111822 -0.0383312 0.244546 0.336489 0.0461296
2256 -0.234001 0.0115972 -0.038274 0.247699 0.336335 0.0466454
2258 -0.233693 0.0120119 -0.0382162 0.250859 0.336176 0.0471622
2260 -0.233382 0.0124265 -0.0381577 0.254026 0.33601 0.0476801
2262 -0.233067 0.0128408 -0.0380985 0.257202 0.335838 0.0481993
2264 -0.232747 0.0132549 -0.0380388 0.260385 0.33566 0.0487195
2266 -0.232424 0.0136688 -0.0379784 0.263576 0.335475 0.049241
2268 -0.232097 0.0140825 -0.0379173 0.266775 0.335284 0.0497636
2270 -0.231766 0.0144959 -0.0378556 0.269982 0.335086 0.0502875
2272 -0.231431 0.0149091 -0.0377932 0.273197 0.334882 0.0508126
2274 -0.231092 0.015322 -0.0377302 0.27642 0.334672 0.051339
2276 -0.230749 0.0157347 -0.0376666 0.279652 0.334454 0.0518666
2278 -0.230402 0.016147 -0.0376023 0.282893 0.33423 0.0523955
2280 -0.230051 0.0165591 -0.0375373 0.286142 0.333999 0.0529257
2282 -0.229697 0.016971 -0.0374717 0.289399 0.333762 0.0534572
2284 -0.229338 0.0173825 -0.0374055 0.292666 0.333517 0.05399
2286 -0.228975 0.0177937 -0.0373386 0.295941 0.333266 0.0545242
2288 -0.228608 0.0182046 -0.037271 0.299226 0.333008 0.0550598
2290 -0.228236 0.0186152 -0.0372027 0.30252 0.332742 0.0555967
2292 -0.227861 0.0190254 -0.0371338 0.305823 0.332469 0.0561351
2294 -0.227482 0.0194353 -0.0370643 0.309136 0.33219 0.0566749
2296 -0.227099 0.0198449 -0.036994 0.312458 0.331903 0.0572161
2298 -0.226711 0.0202541 -0.0369231 0.31579 0.331608 0.0577589
2300 -0.22632 0.0206629 -0.0368515 0.319132 0.331306 0.058303
2302 -0.225924 0.0210713 -0.0367793 0.322483 0.330997 0.0588487
2304 -0.225524 0.0214794 -0.0367064 0.325845 0.33068 0.059396
2306 -0.22512 0.0218871 -0.0366328 0.329217 0.330356 0.0599447
2308 -0.224712 0.0222943 -0.0365585 0.3326 0.330023 0.0604951
2310 -0.2243 0.0227012 -0.0364835 0.335993 0.329683 0.061047
2312 -0.223883 0.0231076 -0.0364079 0.339396 0.329336 0.0616005
2314 -0.223462 0.0235136 -0.0363316 0.34281 0.32898 0.0621557
2316 -0.223038 0.0239191 -0.0362546 0.346235 0.328616 0.0627125
2318 -0.222608 0.0243242 -0.0361769 0.349672 0.328244 0.063271
2320 -0.222175 0.0247289 -0.0360985 0.353119 0.327864 0.0638312
2322 -0.221737 0.025133 -0.0360194 0.356578 0.327475 0.0643931
2324 -0.221295 0.0255367 -0.0359396 0.360048 0.327078 0.0649567
2326 -0.220849 0.0259399 -0.0358592 0.36353 0.326673 0.0655221
2328 -0.220399 0.0263425 -0.035778 0.367023 0.326259 0.0660893
2330 -0.219944 0.0267447 -0.0356961 0.370529 0.325836 0.0666583
2332 -0.219485 0.0271463 -0.0356136 0.374046 0.325405 0.0672292
2334 -0.219021 0.0275474 -0.0355303 0.377576 0.324965 0.0678019
2336 -0.218553 0.0279479 -0.0354463 0.381119 0.324515 0.0683764
2338 -0.218081 0.0283479 -0.0353616 0.384674 0.324057 0.0689529
2340 -0.217604 0.0287473 -0.0352762 0.388241 0.32359 0.0695314
2342 -0.217123 0.0291462 -0.0351901 0.391822 0.323113 0.0701117
2344 -0.216638 0.0295444 -0.0351033 0.395415 0.322626 0.0706941
2346 -0.216148 0.029942 -0.0350157 0.399022 0.322131 0.0712785
2348 -0.215653 0.030339 -0.0349274 0.402642 0.321625 0.0718649
2350 -0.215154 0.0307354 -0.0348384 0.406276 0.32111 0.0724534
2352 -0.214651 0.0311311 -0.0347487 0.409924 0.320585 0.0730439
2354 -0.214143 0.0315262 -0.0346582 0.413586 0.32005 0.0736366
2356 -0.213631 0.0319207 -0.034567 0.417261 0.319505 0.0742315
2358 -0.213114 0.0323144 -0.0344751 0.420952 0.318949 0.0748285
2360 -0.212592 0.0327074 -0.0343825 0.424656 0.318384 0.0754277
2362 -0.212066 0.0330998 -0.0342891 0.428376 0.317807 0.0760292
2364 -0.211536 0.0334914 -0.0341949 0.43211 0.31722 0.0766329
2366 -0.211 0.0338823 -0.0341 0.435859 0.316622 0.0772389
2368 -0.21046 0.0342725 -0.0340044 0.439624 0.316013 0.0778473
2370 -0.209916 0.0346619 -0.033908 0.443404 0.315394 0.078458
2372 -0.209367 0.0350505 -0.0338108 0.4472 0.314762 0.0790711
2374 -0.208813 0.0354383 -0.0337129 0.451012 0.31412 0.0796866
2376 -0.208254 0.0358254 -0.0336142 0.454841 0.313466 0.0803046
2378 -0.207691 0.0362116 -0.0335148 0.458685 0.3128 0.0809251
2380 -0.207123 0.036597 -0.0334146 0.462546 0.312122 0.0815481
2382 -0.20655 0.0369815 -0.0333137 0.466424 0.311432 0.0821736
2384 -0.205972 0.0373652 -0.0332119 0.470319 0.31073 0.0828018
2386 -0.205389 0.0377481 -0.0331094 0.474232 0.310016 0.0834325
2388 -0.204802 0.03813 -0.0330061 0.478162 0.309289 0.084066
2390 -0.20421 0.038511 -0.032902 0.482109 0.308549 0.0847021
2392 -0.203613 0.0388911 -0.0327971 0.486075 0.307797 0.085341
2394 -0.203011 0.0392703 -0.0326915 0.490059 0.307031 0.0859826
2396 -0.202404 0.0396485 -0.032585 0.494062 0.306252 0.0866271
2398 -0.201792 0.0400258 -0.0324778 0.498083 0.305459 0.0872744
2400 -0.201175 0.040402 -0.0323697 0.502123 0.304653 0.0879246
2402 -0.200553 0.0407773 -0.0322609 0.506183 0.303832 0.0885777
2404 -0.199926 0.0411515 -0.0321512 0.510263 0.302998 0.0892338
2406 -0.199295 0.0415247 -0.0320408 0.514362 0.302149 0.0898929
2408 -0.198658 0.0418969 -0.0319295 0.518481 0.301285 0.0905551
2410 -0.198016 0.0422679 -0.0318174 0.522621 0.300407 0.0912204
2412 -0.197368 0.0426379 -0.0317045 0.526782 0.299513 0.0918888
2414 -0.196716 0.0430068 -0.0315907 0.530963 0.298605 0.0925605
2416 -0.196059 0.0433745 -0.0314761 0.535166 0.29768 0.0932353
2418 -0.195396 0.0437411 -0.0313607 0.539391 0.29674 0.0939135
2420 -0.194728 0.0441065 -0.0312445 0.543637 0.295784 0.0945949
2422 -0.194055 0.0444707 -0.0311274 0.547906 0.294811 0.0952798
2424 -0.193376 0.0448338 -0.0310094 0.552197 0.293822 0.095968
2426 -0.192693 0.0451955 -0.0308906 0.556512 0.292816 0.0966598
2428 -0.192004 0.0455561 -0.030771 0.56085 0.291793 0.097355
2430 -0.191309 0.0459153 -0.0306505 0.565211 0.290752 0.0980539
2432 -0.190609 0.0462733 -0.0305291 0.569596 0.289693 0.0987564
2434 -0.189904 0.04663 -0.0304068 0.574006 0.288617 0.0994625
2436 -0.189193 0.0469853 -0.0302837 0.57844 0.287522 0.100172
2438 -0.188477 0.0473392 -0.0301597 0.582899 0.286408 0.100886
2440 -0.187755 0.0476918 -0.0300349 0.587384 0.285275 0.101604
2442 -0.187028 0.0480429 -0.0299091 0.591895 0.284123 0.102325
2444 -0.186295 0.0483927 -0.0297824 0.596432 0.282951 0.103051
2446 -0.185557 0.0487409 -0.0296549 0.600995 0.281759 0.10378
2448 -0.184813 0.0490877 -0.0295264 0.605586 0.280546 0.104513
2450 -0.184063 0.049433 -0.0293971 0.610204 0.279313 0.105251
2452 -0.183307 0.0497767 -0.0292668 0.61485 0.278058 0.105993
2454 -0.182546 0.0501189 -0.0291356 0.619524 0.276782 0.106739
2456 -0.181779 0.0504595 -0.0290035 0.624227 0.275484 0.10749
2458 -0.181006 0.0507985 -0.0288704 0.628959 0.274163 0.108245
2460 -0.180228 0.0511358 -0.0287365 0.633721 0.272819 0.109004
2462 -0.179443 0.0514715 -0.0286015 0.638513 0.271452 0.109768
2464 -0.178652 0.0518054 -0.0284657 0.643336 0.270061 0.110537
2466 -0.177856 0.0521376 -0.0283289 0.64819 0.268646 0.11131
2468 -0.177053 0.0524681 -0.0281911 0.653075 0.267206 0.112088
2470 -0.176245 0.0527968 -0.0280524 0.657993 0.265741 0.112871
2472 -0.17543 0.0531236 -0.0279127 0.662943 0.26425 0.113658
2474 -0.17461 0.0534486 -0.027772 0.667927 0.262732 0.114451
2476 -0.173783 0.0537717 -0.0276303 0.672944 0.261188 0.115249
2478 -0.172949 0.0540929 -0.0274877 0.677996 0.259617 0.116052
2480 -0.17211 0.0544122 -0.027344 0.683082 0.258017 0.11686
2482 -0.171264 0.0547294 -0.0271994 0.688204 0.256389 0.117674
2484 -0.170412 0.0550446 -0.0270537 0.693363 0.254732 0.118493
2486 -0.169554 0.0553578 -0.0269071 0.698557 0.253045 0.119318
2488 -0.168689 0.0556688 -0.0267594 0.70379 0.251327 0.120148
2490 -0.167818 0.0559777 -0.0266107 0.70906 0.249579 0.120984
2492 -0.16694 0.0562845 -0.026461 0.714368 0.247798 0.121825
2494 -0.166056 0.056589 -0.0263102 0.719716 0.245986 0.122673
2496 -0.165165 0.0568913 -0.0261583 0.725105 0.24414 0.123526
2498 -0.164267 0.0571912 -0.0260055 0.730533 0.24226 0.124386
2500 -0.163362 0.0574889 -0.0258515 0.736003 0.240345 0.125252
2502 -0.162451 0.0577841 -0.0256965 0.741516 0.238395 0.126124
2504 -0.161533 0.0580769 -0.0255404 0.747071 0.236408 0.127002
2506 -0.160608 0.0583673 -0.0253832 0.75267 0.234384 0.127887
2508 -0.159676 0.0586551 -0.0252249 0.758313 0.232322 0.128779
2510 -0.158738 0.0589404 -0.0250655 0.764002 0.230221 0.129678
2512 -0.157792 0.059223 -0.024905 0.769737 0.22808 0.130583
2514 -0.156839 0.059503 -0.0247434 0.775519 0.225898 0.131495
2516 -0.155879 0.0597802 -0.0245806 0.781348 0.223675 0.132415
2518 -0.154911 0.0600547 -0.0244167 0.787227 0.221408 0.133342
2520 -0.153937 0.0603264 -0.0242517 0.793155 0.219097 0.134276
2522 -0.152955 0.0605952 -0.0240855 0.799134 0.216742 0.135217
2524 -0.151965 0.0608611 -0.0239181 0.805164 0.21434 0.136167
2526 -0.150969 0.0611239 -0.0237496 0.811247 0.21189 0.137124
2528 -0.149964 0.0613837 -0.0235799 0.817384 0.209392 0.138089
2530 -0.148952 0.0616404 -0.0234089 0.823575 0.206844 0.139062
2532 -0.147932 0.061894 -0.0232368 0.829822 0.204244 0.140044
2534 -0.146905 0.0621442 -0.0230635 0.836126 0.201592 0.141034
2536 -0.14587 0.0623912 -0.0228889 0.842487 0.198886 0.142032
2538 -0.144827 0.0626348 -0.0227131 0.848908 0.196125 0.14304
2540 -0.143776 0.062875 -0.022536 0.85539 0.193306 0.144056
2542 -0.142717 0.0631117 -0.0223577 0.861933 0.190428 0.145081
2544 -0.141649 0.0633447 -0.0221781 0.868538 0.187491 0.146116
2546 -0.140574 0.0635742 -0.0219973 0.875208 0.184491 0.14716
2548 -0.13949 0.0637998 -0.0218151 0.881944 0.181428 0.148213
2550 -0.138398 0.0640217 -0.0216317 0.888746 0.178299 0.149277
2552 -0.137298 0.0642396 -0.0214469 0.895617 0.175103 0.15035
2554 -0.136189 0.0644536 -0.0212608 0.902557 0.171837 0.151434
2556 -0.135072 0.0646635 -0.0210733 0.909569 0.168499 0.152528
2558 -0.133945 0.0648692 -0.0208845 0.916653 0.165088 0.153633
2560 -0.13281 0.0650707 -0.0206943 0.923812 0.161601 0.154749
2562 -0.131666 0.0652678 -0.0205027 0.931047 0.158035 0.155876
2564 -0.130513 0.0654605 -0.0203098 0.938359 0.154389 0.157014
2566 -0.129352 0.0656487 -0.0201154 0.945751 0.150659 0.158164
2568 -0.12818 0.0658321 -0.0199196 0.953224 0.146844 0.159326
2570 -0.127 0.0660109 -0.0197224 0.960781 0.14294 0.1605
2572 -0.12581 0.0661847 -0.0195237 0.968422 0.138944 0.161686
2574 -0.124611 0.0663536 -0.0193235 0.97615 0.134854 0.162885
2576 -0.123402 0.0665173 -0.0191219 0.983968 0.130665 0.164097
2578 -0.122184 0.0666759 -0.0189187 0.991876 0.126376 0.165322
2580 -0.120955 0.066829 -0.018714 0.999878 0.121983 0.16656
2582 -0.119717 0.0669767 -0.0185078 1.00797 0.117481 0.167813
2584 -0.118469 0.0671188 -0.0183001 1.01617 0.112867 0.169079
2586 -0.11721 0.0672551 -0.0180907 1.02446 0.108138 0.17036
2588 -0.115942 0.0673855 -0.0178798 1.03286 0.103288 0.171655
2590 -0.114662 0.0675099 -0.0176673 1.04136 0.0983142 0.172966
2592 -0.113373 0.067628 -0.0174531 1.04997 0.0932115 0.174292
2594 -0.112072 0.0677397 -0.0172373 1.0587 0.0879751 0.175634
2596 -0.110761 0.0678449 -0.0170199 1.06753 0.0825999 0.176992
2598 -0.109439 0.0679434 -0.0168007 1.07648 0.0770808 0.178367
2600 -0.108106 0.068035 -0.0165799 1.08555 0.0714121 0.179758
2602 -0.106761 0.0681195 -0.0163573 1.09474 0.0655879 0.181167
2604 -0.105405 0.0681968 -0.0161329 1.10405 0.0596021 0.182594
2606 -0.104037 0.0682665 -0.0159068 1.1135 0.0534482 0.184039
2608 -0.102658 0.0683285 -0.0156789 1.12308 0.0471194 0.185502
2610 -0.101267 0.0683827 -0.0154492 1.13279 0.0406083 0.186984
2612 -0.0998636 0.0684286 -0.0152177 1.14264 0.0339074 0.188486
2614 -0.0984481 0.0684662 -0.0149842 1.15263 0.0270085 0.190008
2616 -0.0970202 0.0684952 -0.0147489 1.16277 0.0199031 0.191551
2618 -0.0955797 0.0685152 -0.0145117 1.17306 0.0125822 0.193114
2620 -0.0941264 0.0685261 -0.0142725 1.18351 0.00503611 0.194699
2622 -0.0926601 0.0685276 -0.0140314 1.19411 -0.00274525 0.196306
2624 -0.0911806 0.0685192 -0.0137883 1.20488 -0.0107727 0.197936
2626 -0.0896878 0.0685009 -0.0135431 1.21582 -0.0190577 0.199588
2628 -0.0881813 0.0684721 -0.0132959 1.22693 -0.0276124 0.201264
2630 -0.0866611 0.0684326 -0.0130466 1.23821 -0.0364499 0.202965
2632 -0.0851268 0.0683821 -0.0127952 1.24968 -0.0455838 0.20469
2634 -0.0835782 0.0683201 -0.0125417 1.26134 -0.0550289 0.20644
2636 -0.0820152 0.0682462 -0.012286 1.27318 -0.064801 0.208217
2638 -0.0804374 0.0681601 -0.012028 1.28523 -0.0749168 0.21002
2640 -0.0788447 0.0680612 -0.0117679 1.29748 -0.0853942 0.21185
2642 -0.0772367 0.0679493 -0.0115054 1.30994 -0.0962525 0.213708
2644 -0.0756132 0.0678236 -0.0112407 1.32262 -0.107512 0.215594
2646 -0.0739739 0.0676839 -0.0109736 1.33551 -0.119195 0.217509
2648 -0.0723186 0.0675294 -0.0107041 1.34864 -0.131326 0.219454
2650 -0.0706469 0.0673597 -0.0104322 1.36199 -0.143929 0.221428
2652 -0.0689587 0.0671742 -0.0101579 1.37559 -0.157033 0.223434
2654 -0.0672535 0.0669721 -0.00988103 1.38943 -0.170666 0.22547
2656 -0.0655311 0.0667529 -0.00960166 1.40353 -0.184861 0.227538
2658 -0.0637911 0.0665159 -0.00931972 1.41788 -0.199653 0.229638
2660 -0.0620333 0.0662602 -0.00903517 1.43249 -0.215078 0.23177
2662 -0.0602573 0.065985 -0.00874797 1.44738 -0.231178 0.233935
2664 -0.0584627 0.0656896 -0.00845807 1.46254 -0.247996 0.236132
2666 -0.0566493 0.0653729 -0.00816545 1.47799 -0.265581 0.238362
2668 -0.0548167 0.0650341 -0.00787006 1.49371 -0.283984 0.240625
2670 -0.0529644 0.064672 -0.00757186 1.50973 -0.303262 0.24292
2672 -0.0510923 0.0642856 -0.0072708 1.52604 -0.323478 0.245246
2674 -0.0491998 0.0638737 -0.00696686 1.54265 -0.3447 0.247603
2676 -0.0472867 0.0634349 -0.00666 1.55955 -0.367002 0.24999
2678 -0.0453526 0.0629678 -0.00635017 1.57674 -0.390467 0.252405
2680 -0.043397 0.0624711 -0.00603734 1.59422 -0.415183 0.254845
2682 -0.0414197 0.0619431 -0.0057215 1.61199 -0.441251 0.257308
2684 -0.0394204 0.061382 -0.0054026 1.63003 -0.468781 0.259791
2686 -0.0373986 0.060786 -0.00508063 1.64834 -0.497893 0.262288
2688 -0.0353541 0.0601531 -0.00475557 1.66688 -0.528722 0.264795
2690 -0.0332866 0.059481 -0.00442742 1.68563 -0.561417 0.267304
2692 -0.0311959 0.0587674 -0.00409618 1.70456 -0.596144 0.269806
2694 -0.0290817 0.0580095 -0.00376186 1.72362 -0.633088 0.272291
2696 -0.0269439 0.0572046 -0.0034245 1.74276 -0.672454 0.274745
2698 -0.0247826 0.0563496 -0.00308413 1.76189 -0.714472 0.277152
2700 -0.0225977 0.055441 -0.00274084 1.78092 -0.759401 0.279491
2702 -0.0203894 0.054475 -0.00239471 1.79973 -0.807526 0.281738
2704 -0.0181582 0.0534475 -0.00204589 1.81816 -0.859169 0.28386
2706 -0.0159046 0.0523539 -0.00169454 1.83602 -0.914691 0.285821
2708 -0.0136294 0.0511893 -0.0013409 1.85306 -0.974491 0.287571
2710 -0.0113338 0.0499481 -0.000985263 1.86897 -1.03902 0.289051
2712 -0.00901955 0.0486241 -0.000628001 1.88334 -1.10876 0.290189
2714 -0.00668875 0.0472106 -0.000269593 1.89569 -1.18427 0.290891
2716 -0.00434429 0.0457001 8.93541e-05 1.90537 -1.26613 0.291044
2718 -0.00198992 0.0440844 0.00044808 1.9116 -1.35498 0.290505
2720 0.000369479 0.0423544 0.000805625 1.91336 -1.45147 0.289097
2722 0.00272765 0.0405004 0.00116079 1.90937 -1.55626 0.286599
2724 0.00507658 0.0385117 0.00151206 1.89806 -1.66993 0.28274
2726 0.00740605 0.0363771 0.00185756 1.87746 -1.79298 0.277188
2728 0.00970315 0.0340848 0.00219497 1.84513 -1.92561 0.269539
2730 0.0119517 0.0316231 0.00252142 1.79817 -2.06763 0.25932
2732 0.0141315 0.0289808 0.0028334 1.7332 -2.21814 0.24599
2734 0.0162183 0.0261485 0.00312672 1.64646 -2.37527 0.228963
2736 0.0181825 0.02312 0.00339645 1.53409 -2.5358 0.207662
2738 0.0199906 0.0198937 0.00363702 1.39263 -2.6948 0.181606
2740 0.021605 0.0164757 0.00384238 1.21986 -2.84551 0.150544
2742 0.0229869 0.0128812 0.00400638 1.01571 -2.97961 0.114617
2744 0.0240989 0.00913609 0.00412339 0.783301 -3.08806 0.0744938
2746 0.0249102 0.00527741 0.00418893 0.52937 -3.16262 0.0314274
2748 0.0254 0.00135078 0.00420041 0.263829 -3.1976 -0.0128519
2750 0.0255611 -0.00259344 0.00415753 -0.00170409 -3.19122 -0.0564028
2752 0.0254005 -0.00650539 0.00406232 -0.255981 -3.14601 -0.0974199
2754 0.024938 -0.0103406 0.00391883 -0.489992 -3.06795 -0.134527
2756 0.0242025 -0.0140633 0.00373242 -0.697997 -2.96495 -0.166919
2758 0.0232279 -0.0176478 0.00350912 -0.877568 -2.84521 -0.194341
2760 0.0220493 -0.0210781 0.00325499 -1.02894 -2.71606 -0.21696
2762 0.0207004 -0.0243464 0.00297571 -1.1541 -2.58338 -0.235208
2764 0.0192119 -0.0274512 0.00267634 -1.25597 -2.45147 -0.249639
2766 0.0176104 -0.0303953 0.00236122 -1.33776 -2.32326 -0.260833
2768 0.0159188 -0.0331846 0.00203401 -1.40261 -2.20056 -0.269339
2770 0.0141562 -0.0358264 0.00169771 -1.45336 -2.08436 -0.275641
2772 0.0123384 -0.0383292 0.00135479 -1.49249 -1.97508 -0.280153
2774 0.0104784 -0.0407015 0.00100721 -1.52209 -1.87279 -0.283222
2776 0.00858682 -0.0429518 0.0006566 -1.54392 -1.77729 -0.28513
2778 0.0066724 -0.0450884 0.000304226 -1.55939 -1.68826 -0.28611
2780 0.00474218 -0.047119 -4.88805e-05 -1.5697 -1.60531 -0.286346
2782 0.00280194 -0.0490508 -0.000401898 -1.57579 -1.528 -0.285988
2784 0.000856367 -0.0508905 -0.000754173 -1.57846 -1.4559 -0.285159
2786 -0.00109071 -0.0526442 -0.00110518 -1.57833 -1.38861 -0.283954
2788 -0.00303617 -0.0543177 -0.00145452 -1.57592 -1.32572 -0.282451
2790 -0.00497748 -0.0559162 -0.00180185 -1.57166 -1.26686 -0.280715
2792 -0.00691257 -0.0574444 -0.00214692 -1.56588 -1.21171 -0.278796
2794 -0.00883976 -0.0589067 -0.00248954 -1.55889 -1.15994 -0.276735
2796 -0.0107577 -0.0603071 -0.00282954 -1.5509 -1.11129 -0.274566
2798 -0.0126652 -0.0616492 -0.00316681 -1.54211 -1.06548 -0.272315
2800 -0.0145616 -0.0629365 -0.00350127 -1.53268 -1.0223 -0.270005
2802 -0.0164459 -0.0641721 -0.00383285 -1.52274 -0.981525 -0.267654
2804 -0.0183177 -0.0653587 -0.00416152 -1.5124 -0.942971 -0.265275
2806 -0.0201766 -0.0664991 -0.00448724 -1.50175 -0.906464 -0.262881
2808 -0.0220222 -0.0675956 -0.00481 -1.49086 -0.87185 -0.260482
2810 -0.0238542 -0.0686505 -0.00512981 -1.47979 -0.838985 -0.258085
2812 -0.0256726 -0.0696659 -0.00544666 -1.46861 -0.807743 -0.255697
2814 -0.027477 -0.0706437 -0.00576057 -1.45735 -0.778006 -0.253322
2816 -0.0292676 -0.0715857 -0.00607157 -1.44605 -0.749668 -0.250965
2818 -0.0310442 -0.0724935 -0.00637967 -1.43473 -0.722632 -0.248629
2820 -0.0328068 -0.0733688 -0.00668491 -1.42343 -0.696811 -0.246317
2822 -0.0345556 -0.0742129 -0.00698731 -1.41217 -0.672122 -0.24403
2824 -0.0362904 -0.0750272 -0.0072869 -1.40095 -0.648494 -0.24177
2826 -0.0380115 -0.075813 -0.00758372 -1.3898 -0.625857 -0.239539
2828 -0.0397189 -0.0765715 -0.00787781 -1.37873 -0.604149 -0.237337
2830 -0.0414127 -0.0773037 -0.00816921 -1.36775 -0.583314 -0.235164
2832 -0.0430929 -0.0780108 -0.00845794 -1.35686 -0.563299 -0.233022
2834 -0.0447598 -0.0786936 -0.00874405 -1.34607 -0.544055 -0.230909
2836 -0.0464135 -0.0793532 -0.00902757 -1.33539 -0.525537 -0.228827
2838 -0.0480541 -0.0799903 -0.00930854 -1.32482 -0.507705 -0.226775
2840 -0.0496817 -0.0806059 -0.009587 -1.31436 -0.490519 -0.224754
2842 -0.0512964 -0.0812006 -0.00986298 -1.30402 -0.473944 -0.222761
2844 -0.0528985 -0.0817752 -0.0101365 -1.29379 -0.457947 -0.220798
2846 -0.054488 -0.0823305 -0.0104077 -1.28368 -0.442498 -0.218864
2848 -0.0560652 -0.082867 -0.0106764 -1.27369 -0.427568 -0.216959
2850 -0.0576301 -0.0833854 -0.0109429 -1.26382 -0.41313 -0.215082
2852 -0.0591829 -0.0838863 -0.011207 -1.25406 -0.39916 -0.213232
2854 -0.0607237 -0.0843703 -0.0114689 -1.24442 -0.385634 -0.211409
2856 -0.0622527 -0.0848378 -0.0117285 -1.2349 -0.372531 -0.209613
2858 -0.06377 -0.0852894 -0.011986 -1.22549 -0.359831 -0.207843
2860 -0.0652758 -0.0857256 -0.0122413 -1.2162 -0.347514 -0.206098
2862 -0.0667703 -0.0861468 -0.0124944 -1.20702 -0.335563 -0.204378
2864 -0.0682534 -0.0865535 -0.0127454 -1.19795 -0.323961 -0.202682
2866 -0.0697254 -0.0869461 -0.0129944 -1.18899 -0.312693 -0.201011
2868 -0.0711865 -0.087325 -0.0132413 -1.18014 -0.301743 -0.199362
2870 -0.0726367 -0.0876906 -0.0134862 -1.17139 -0.291098 -0.197737
2872 -0.0740762 -0.0880432 -0.0137291 -1.16274 -0.280745 -0.196134
2874 -0.075505 -0.0883833 -0.01397 -1.1542 -0.270671 -0.194552
2876 -0.0769234 -0.0887111 -0.014209 -1.14576 -0.260865 -0.192992
2878 -0.0783315 -0.0890269 -0.0144461 -1.13742 -0.251316 -0.191452
2880 -0.0797293 -0.0893311 -0.0146813 -1.12918 -0.242013 -0.189933
2882 -0.081117 -0.089624 -0.0149147 -1.12103 -0.232947 -0.188434
2884 -0.0824947 -0.0899058 -0.0151462 -1.11298 -0.224108 -0.186954
2886 -0.0838626 -0.0901769 -0.0153759 -1.10501 -0.215488 -0.185493
2888 -0.0852207 -0.0904375 -0.0156038 -1.09714 -0.207077 -0.18405
2890 -0.0865691 -0.0906878 -0.0158299 -1.08935 -0.198869 -0.182626
2892 -0.087908 -0.0909282 -0.0160543 -1.08166 -0.190855 -0.181219
2894 -0.0892374 -0.0911587 -0.0162769 -1.07404 -0.183029 -0.179829
2896 -0.0905575 -0.0913797 -0.0164979 -1.06651 -0.175383 -0.178456
2898 -0.0918683 -0.0915914 -0.0167172 -1.05906 -0.167912 -0.1771
2900 -0.09317 -0.091794 -0.0169348 -1.05169 -0.160609 -0.17576
2902 -0.0944627 -0.0919877 -0.0171507 -1.0444 -0.153468 -0.174436
2904 -0.0957464 -0.0921727 -0.0173651 -1.03719 -0.146483 -0.173127
