0 -0.00688486 0.0270492 -0.00630866 2.90929 0.642879 0
2 -0.00326891 0.0277096 -0.00627806 2.94929 0.427133 0.0495906
4 0.000378724 0.0281019 -0.0061867 2.96062 0.209102 0.0982872
6 0.00402293 0.0282272 -0.00603654 2.944 -0.00478966 0.144705
8 0.00763058 0.0280941 -0.00583114 2.9019 -0.208842 0.187708
10 0.0111725 0.0277179 -0.00557524 2.83811 -0.398624 0.226501
12 0.0146246 0.0271179 -0.00527431 2.75708 -0.571211 0.260656
14 0.0179685 0.0263165 -0.00493419 2.66336 -0.725142 0.290073
16 0.0211912 0.0253369 -0.00456064 2.56115 -0.860186 0.314905
18 0.0242845 0.024202 -0.00415913 2.45407 -0.977017 0.335478
20 0.0272442 0.0229337 -0.00373465 2.34504 -1.0769 0.352214
22 0.0300694 0.0215518 -0.00329166 2.23631 -1.16142 0.365571
24 0.0327616 0.0200743 -0.00283405 2.12951 -1.23228 0.376006
26 0.0353239 0.0185169 -0.00236514 2.02577 -1.29116 0.383946
28 0.0377604 0.0168935 -0.00188778 1.92585 -1.33965 0.389776
30 0.0400763 0.0152159 -0.00140435 1.83017 -1.37918 0.393836
32 0.042277 0.0134944 -0.00091686 1.73895 -1.41102 0.396417
34 0.0443679 0.0117378 -0.000426962 1.65225 -1.43631 0.397771
36 0.0463547 0.00995356 6.39572e-05 1.57002 -1.45601 0.398107
38 0.0482427 0.00814804 0.000554757 1.49212 -1.47094 0.397604
40 0.0500372 0.00632666 0.0010445 1.41838 -1.48182 0.396409
42 0.0517432 0.00449404 0.0015324 1.3486 -1.48926 0.394647
44 0.0533655 0.0026541 0.00201783 1.28256 -1.49377 0.39242
46 0.0549085 0.000810173 0.00250028 1.22005 -1.49579 0.389815
48 0.0563765 -0.00103489 0.00297932 1.16084 -1.49568 0.386902
50 0.0577734 -0.00287868 0.0034546 1.10472 -1.49377 0.383742
52 0.0591029 -0.00471914 0.00392586 1.0515 -1.49032 0.380383
54 0.0603684 -0.00655452 0.00439288 1.00098 -1.48556 0.376868
56 0.0615732 -0.00838332 0.00485549 0.952988 -1.47969 0.373229
58 0.0627202 -0.0102043 0.00531354 0.90735 -1.47287 0.369497
60 0.0638124 -0.0120163 0.00576695 0.863912 -1.46525 0.365695
62 0.0648522 -0.0138185 0.00621563 0.822529 -1.45694 0.361842
64 0.0658422 -0.0156101 0.00665954 0.783067 -1.44806 0.357955
66 0.0667846 -0.0173905 0.00709864 0.745402 -1.4387 0.354049
68 0.0676817 -0.019159 0.00753291 0.709419 -1.42892 0.350135
70 0.0685353 -0.0209152 0.00796236 0.675011 -1.4188 0.346221
72 0.0693474 -0.0226588 0.00838699 0.64208 -1.4084 0.342317
74 0.0701198 -0.0243894 0.00880681 0.610535 -1.39776 0.338429
76 0.070854 -0.0261068 0.00922185 0.580292 -1.38693 0.334562
78 0.0715518 -0.0278107 0.00963213 0.551274 -1.37594 0.330721
80 0.0722144 -0.0295009 0.0100377 0.523407 -1.36484 0.326908
82 0.0728434 -0.0311775 0.0104386 0.496626 -1.35364 0.323128
84 0.0734399 -0.0328401 0.0108348 0.470868 -1.34237 0.319383
86 0.0740053 -0.0344888 0.0112265 0.446075 -1.33105 0.315674
88 0.0745407 -0.0361236 0.0116135 0.422195 -1.3197 0.312002
90 0.0750472 -0.0377443 0.0119961 0.399178 -1.30833 0.30837
92 0.0755257 -0.039351 0.0123743 0.376977 -1.29697 0.304777
94 0.0759774 -0.0409437 0.012748 0.355549 -1.28561 0.301224
96 0.0764031 -0.0425224 0.0131173 0.334855 -1.27428 0.297712
98 0.0768037 -0.0440872 0.0134824 0.314856 -1.26297 0.29424
100 0.0771801 -0.045638 0.0138432 0.295518 -1.25171 0.290808
102 0.077533 -0.0471749 0.0141998 0.276809 -1.24048 0.287417
104 0.0778632 -0.0486981 0.0145522 0.258697 -1.22931 0.284066
106 0.0781714 -0.0502075 0.0149006 0.241154 -1.21819 0.280755
108 0.0784583 -0.0517032 0.0152448 0.224153 -1.20713 0.277483
110 0.0787245 -0.0531853 0.0155851 0.207669 -1.19613 0.27425
112 0.0789708 -0.0546538 0.0159214 0.191678 -1.1852 0.271056
114 0.0791976 -0.056109 0.0162537 0.176158 -1.17433 0.267899
116 0.0794055 -0.0575507 0.0165822 0.161088 -1.16353 0.264779
118 0.0795951 -0.0589792 0.0169069 0.146449 -1.1528 0.261696
120 0.0797669 -0.0603945 0.0172278 0.132221 -1.14214 0.258648
122 0.0799215 -0.0617968 0.017545 0.118388 -1.13156 0.255636
124 0.0800591 -0.063186 0.0178584 0.104933 -1.12105 0.252659
126 0.0801805 -0.0645622 0.0181683 0.0918395 -1.11061 0.249715
128 0.0802858 -0.0659257 0.0184745 0.0790938 -1.10025 0.246805
130 0.0803757 -0.0672764 0.0187771 0.0666816 -1.08996 0.243927
132 0.0804505 -0.0686144 0.0190762 0.0545899 -1.07974 0.241081
134 0.0805105 -0.06994 0.0193718 0.042806 -1.0696 0.238266
136 0.0805562 -0.071253 0.019664 0.0313182 -1.05953 0.235482
138 0.0805879 -0.0725537 0.0199527 0.0201153 -1.04953 0.232728
140 0.0806059 -0.073842 0.0202381 0.00918651 -1.0396 0.230003
142 0.0806106 -0.0751182 0.0205201 -0.00147821 -1.02975 0.227307
144 0.0806024 -0.0763823 0.0207988 -0.0118885 -1.01997 0.224639
146 0.0805814 -0.0776343 0.0210743 -0.0220534 -1.01026 0.221998
148 0.0805481 -0.0788745 0.0213465 -0.0319818 -1.00061 0.219385
150 0.0805026 -0.0801027 0.0216155 -0.0416818 -0.991037 0.216797
152 0.0804453 -0.0813192 0.0218813 -0.0511614 -0.98153 0.214235
154 0.0803765 -0.082524 0.022144 -0.0604281 -0.972089 0.211698
156 0.0802964 -0.0837172 0.0224035 -0.069489 -0.962715 0.209186
158 0.0802052 -0.0848989 0.02266 -0.078351 -0.953405 0.206698
160 0.0801032 -0.0860691 0.0229134 -0.0870206 -0.944159 0.204234
162 0.0799906 -0.087228 0.0231638 -0.0955041 -0.934976 0.201792
164 0.0798676 -0.0883756 0.0234112 -0.103807 -0.925855 0.199373
166 0.0797346 -0.089512 0.0236557 -0.111936 -0.916795 0.196976
168 0.0795916 -0.0906372 0.0238971 -0.119896 -0.907795 0.1946
170 0.0794389 -0.0917514 0.0241357 -0.127692 -0.898855 0.192246
172 0.0792767 -0.0928546 0.0243714 -0.135329 -0.889972 0.189911
174 0.0791051 -0.0939468 0.0246042 -0.142812 -0.881146 0.187598
176 0.0789244 -0.0950282 0.0248342 -0.150146 -0.872377 0.185303
178 0.0787348 -0.0960988 0.0250613 -0.157334 -0.863662 0.183028
180 0.0785364 -0.0971588 0.0252857 -0.164382 -0.855002 0.180772
182 0.0783293 -0.098208 0.0255073 -0.171293 -0.846395 0.178535
184 0.0781139 -0.0992467 0.0257261 -0.17807 -0.837841 0.176315
186 0.0778901 -0.100275 0.0259422 -0.184719 -0.829338 0.174113
188 0.0776582 -0.101293 0.0261556 -0.191242 -0.820885 0.171928
190 0.0774184 -0.1023 0.0263663 -0.197643 -0.812481 0.16976
192 0.0771707 -0.103297 0.0265744 -0.203925 -0.804127 0.167609
194 0.0769154 -0.104284 0.0267798 -0.210092 -0.795819 0.165474
196 0.0766525 -0.10526 0.0269826 -0.216146 -0.787559 0.163354
198 0.0763822 -0.106226 0.0271828 -0.22209 -0.779345 0.161251
200 0.0761047 -0.107183 0.0273804 -0.227927 -0.771175 0.159162
202 0.07582 -0.108129 0.0275754 -0.23366 -0.76305 0.157088
204 0.0755283 -0.109065 0.0277679 -0.239292 -0.754968 0.155029
206 0.0752298 -0.109991 0.0279579 -0.244825 -0.746929 0.152984
208 0.0749244 -0.110907 0.0281453 -0.250261 -0.738931 0.150952
210 0.0746125 -0.111814 0.0283302 -0.255604 -0.730975 0.148935
212 0.0742939 -0.112711 0.0285127 -0.260854 -0.723058 0.14693
214 0.073969 -0.113598 0.0286927 -0.266015 -0.715181 0.144939
216 0.0736378 -0.114475 0.0288702 -0.271088 -0.707342 0.142961
218 0.0733003 -0.115343 0.0290454 -0.276076 -0.699541 0.140995
220 0.0729568 -0.116201 0.0292181 -0.280981 -0.691777 0.139041
222 0.0726072 -0.117049 0.0293884 -0.285803 -0.684049 0.137099
224 0.0722518 -0.117888 0.0295563 -0.290546 -0.676356 0.135169
226 0.0718905 -0.118718 0.0297218 -0.295211 -0.668699 0.133251
228 0.0715236 -0.119538 0.029885 -0.2998 -0.661076 0.131344
230 0.071151 -0.120348 0.0300458 -0.304315 -0.653486 0.129448
232 0.0707729 -0.12115 0.0302043 -0.308756 -0.645928 0.127562
234 0.0703894 -0.121942 0.0303605 -0.313126 -0.638403 0.125687
236 0.0700005 -0.122725 0.0305144 -0.317426 -0.630909 0.123823
238 0.0696064 -0.123498 0.0306659 -0.321657 -0.623446 0.121968
240 0.0692071 -0.124262 0.0308152 -0.325822 -0.616013 0.120124
242 0.0688026 -0.125018 0.0309623 -0.329921 -0.608609 0.118289
244 0.0683932 -0.125764 0.031107 -0.333956 -0.601234 0.116464
246 0.0679789 -0.126501 0.0312496 -0.337927 -0.593888 0.114648
248 0.0675596 -0.127229 0.0313899 -0.341837 -0.586569 0.112841
250 0.0671356 -0.127948 0.0315279 -0.345686 -0.579276 0.111043
252 0.0667069 -0.128658 0.0316638 -0.349476 -0.57201 0.109253
254 0.0662735 -0.129359 0.0317974 -0.353208 -0.56477 0.107473
256 0.0658356 -0.130051 0.0319289 -0.356882 -0.557555 0.1057
258 0.0653932 -0.130734 0.0320582 -0.3605 -0.550365 0.103936
260 0.0649464 -0.131409 0.0321853 -0.364063 -0.543199 0.10218
262 0.0644951 -0.132074 0.0323103 -0.367572 -0.536056 0.100431
264 0.0640396 -0.132731 0.0324331 -0.371028 -0.528936 0.0986907
266 0.0635799 -0.133379 0.0325537 -0.374432 -0.521839 0.0969575
268 0.063116 -0.134018 0.0326722 -0.377785 -0.514764 0.0952315
270 0.062648 -0.134649 0.0327886 -0.381087 -0.50771 0.0935128
272 0.0621759 -0.135271 0.0329029 -0.384339 -0.500676 0.0918011
274 0.0616999 -0.135884 0.0330151 -0.387543 -0.493663 0.0900962
276 0.0612199 -0.136489 0.0331252 -0.390699 -0.48667 0.088398
278 0.0607361 -0.137085 0.0332332 -0.393808 -0.479696 0.0867064
280 0.0602485 -0.137672 0.0333391 -0.396871 -0.472741 0.0850212
282 0.0597571 -0.138251 0.0334429 -0.399888 -0.465804 0.0833423
284 0.0592621 -0.138821 0.0335447 -0.40286 -0.458885 0.0816695
286 0.0587634 -0.139383 0.0336444 -0.405788 -0.451984 0.0800027
288 0.0582611 -0.139936 0.033742 -0.408672 -0.445099 0.0783418
290 0.0577553 -0.140481 0.0338376 -0.411514 -0.438231 0.0766865
292 0.057246 -0.141017 0.0339312 -0.414313 -0.431378 0.0750369
294 0.0567332 -0.141545 0.0340227 -0.417071 -0.424541 0.0733927
296 0.0562171 -0.142064 0.0341122 -0.419788 -0.41772 0.0717538
298 0.0556977 -0.142575 0.0341997 -0.422464 -0.410912 0.0701201
300 0.055175 -0.143078 0.0342852 -0.425101 -0.404119 0.0684914
302 0.0546491 -0.143572 0.0343687 -0.427698 -0.39734 0.0668677
304 0.0541199 -0.144058 0.0344502 -0.430257 -0.390574 0.0652488
306 0.0535877 -0.144536 0.0345297 -0.432778 -0.38382 0.0636347
308 0.0530524 -0.145005 0.0346072 -0.43526 -0.377079 0.062025
310 0.052514 -0.145466 0.0346827 -0.437706 -0.37035 0.0604199
312 0.0519726 -0.145919 0.0347562 -0.440115 -0.363633 0.0588191
314 0.0514283 -0.146363 0.0348278 -0.442487 -0.356927 0.0572225
316 0.0508811 -0.146799 0.0348974 -0.444824 -0.350231 0.0556301
318 0.050331 -0.147227 0.034965 -0.447125 -0.343546 0.0540416
320 0.0497781 -0.147647 0.0350307 -0.449391 -0.336871 0.052457
322 0.0492225 -0.148058 0.0350944 -0.451623 -0.330205 0.0508763
324 0.0486641 -0.148461 0.0351562 -0.453821 -0.323548 0.0492992
326 0.048103 -0.148856 0.035216 -0.455984 -0.3169 0.0477256
328 0.0475392 -0.149243 0.0352739 -0.458115 -0.31026 0.0461555
330 0.0469729 -0.149621 0.0353299 -0.460212 -0.303628 0.0445888
332 0.046404 -0.149992 0.0353839 -0.462277 -0.297004 0.0430254
334 0.0458326 -0.150354 0.035436 -0.464309 -0.290387 0.041465
336 0.0452586 -0.150708 0.0354862 -0.466309 -0.283776 0.0399078
338 0.0446823 -0.151054 0.0355345 -0.468277 -0.277172 0.0383534
340 0.0441035 -0.151392 0.0355808 -0.470214 -0.270574 0.036802
342 0.0435223 -0.151722 0.0356252 -0.47212 -0.263981 0.0352533
344 0.0429389 -0.152043 0.0356678 -0.473995 -0.257393 0.0337072
346 0.0423531 -0.152357 0.0357084 -0.47584 -0.250811 0.0321637
348 0.041765 -0.152662 0.0357471 -0.477654 -0.244233 0.0306226
350 0.0411748 -0.152959 0.0357839 -0.479438 -0.237658 0.0290839
352 0.0405824 -0.153248 0.0358189 -0.481192 -0.231088 0.0275475
354 0.0399878 -0.153529 0.0358519 -0.482917 -0.224521 0.0260132
356 0.0393911 -0.153802 0.035883 -0.484612 -0.217956 0.024481
358 0.0387923 -0.154067 0.0359123 -0.486279 -0.211395 0.0229508
360 0.0381915 -0.154323 0.0359397 -0.487916 -0.204835 0.0214225
362 0.0375887 -0.154572 0.0359651 -0.489525 -0.198278 0.019896
364 0.036984 -0.154813 0.0359887 -0.491105 -0.191721 0.0183713
366 0.0363773 -0.155045 0.0360105 -0.492657 -0.185166 0.0168481
368 0.0357687 -0.155269 0.0360303 -0.494181 -0.178612 0.0153264
370 0.0351582 -0.155486 0.0360483 -0.495677 -0.172058 0.0138062
372 0.0345459 -0.155694 0.0360644 -0.497145 -0.165503 0.0122874
374 0.0339319 -0.155894 0.0360786 -0.498586 -0.158949 0.0107698
376 0.033316 -0.156086 0.0360909 -0.499999 -0.152394 0.00925339
378 0.0326985 -0.15627 0.0361014 -0.501384 -0.145837 0.00773806
380 0.0320792 -0.156446 0.03611 -0.502743 -0.139279 0.00622372
382 0.0314583 -0.156613 0.0361168 -0.504074 -0.13272 0.00471029
384 0.0308357 -0.156773 0.0361216 -0.505379 -0.126157 0.00319768
386 0.0302116 -0.156925 0.0361246 -0.506656 -0.119593 0.00168581
388 0.0295859 -0.157068 0.0361258 -0.507907 -0.113025 0.00017458
390 0.0289587 -0.157203 0.0361251 -0.509131 -0.106454 -0.00133609
392 0.02833 -0.157331 0.0361225 -0.510328 -0.0998795 -0.00284628
394 0.0276998 -0.15745 0.0361181 -0.511499 -0.0933007 -0.00435609
396 0.0270682 -0.157561 0.0361118 -0.512644 -0.0867174 -0.0058656
398 0.0264352 -0.157664 0.0361036 -0.513762 -0.0801292 -0.00737489
400 0.0258009 -0.157758 0.0360936 -0.514854 -0.0735358 -0.00888406
402 0.0251652 -0.157845 0.0360817 -0.51592 -0.0669368 -0.0103932
404 0.0245282 -0.157924 0.0360679 -0.516959 -0.0603318 -0.0119024
406 0.0238899 -0.157994 0.0360523 -0.517972 -0.0537204 -0.0134117
408 0.0232504 -0.158056 0.0360348 -0.51896 -0.0471023 -0.0149212
410 0.0226097 -0.15811 0.0360155 -0.519921 -0.040477 -0.016431
412 0.0219679 -0.158156 0.0359943 -0.520855 -0.0338441 -0.0179412
414 0.0213249 -0.158194 0.0359712 -0.521764 -0.0272034 -0.0194519
416 0.0206808 -0.158223 0.0359463 -0.522647 -0.0205543 -0.0209631
418 0.0200356 -0.158244 0.0359195 -0.523504 -0.0138965 -0.022475
420 0.0193894 -0.158257 0.0358909 -0.524334 -0.00722965 -0.0239877
422 0.0187422 -0.158262 0.0358604 -0.525138 -0.000553247 -0.0255011
424 0.018094 -0.158259 0.035828 -0.525916 0.00613307 -0.0270155
426 0.0174448 -0.158247 0.0357937 -0.526668 0.0128297 -0.0285309
428 0.0167948 -0.158227 0.0357576 -0.527394 0.0195371 -0.0300473
430 0.0161439 -0.158199 0.0357196 -0.528093 0.0262556 -0.031565
432 0.0154921 -0.158162 0.0356797 -0.528766 0.0329856 -0.0330839
434 0.0148395 -0.158117 0.035638 -0.529413 0.0397277 -0.0346041
436 0.0141861 -0.158064 0.0355944 -0.530033 0.0464821 -0.0361258
438 0.013532 -0.158003 0.0355489 -0.530627 0.0532494 -0.0376491
440 0.0128772 -0.157933 0.0355015 -0.531193 0.0600299 -0.0391739
442 0.0122216 -0.157855 0.0354522 -0.531733 0.0668241 -0.0407005
444 0.0115655 -0.157768 0.0354011 -0.532246 0.0736324 -0.0422289
446 0.0109087 -0.157673 0.0353481 -0.532733 0.0804553 -0.0437592
448 0.0102513 -0.15757 0.0352931 -0.533191 0.0872932 -0.0452914
450 0.00959341 -0.157458 0.0352363 -0.533623 0.0941466 -0.0468258
452 0.00893498 -0.157337 0.0351776 -0.534027 0.101016 -0.0483623
454 0.00827606 -0.157209 0.035117 -0.534404 0.107902 -0.0499012
456 0.0076167 -0.157071 0.0350545 -0.534753 0.114804 -0.0514423
458 0.00695692 -0.156925 0.0349901 -0.535074 0.121724 -0.052986
460 0.00629677 -0.156771 0.0349238 -0.535368 0.128662 -0.0545322
462 0.00563627 -0.156608 0.0348556 -0.535632 0.135618 -0.0560811
464 0.00497547 -0.156436 0.0347855 -0.535869 0.142592 -0.0576327
466 0.00431438 -0.156256 0.0347134 -0.536077 0.149586 -0.0591872
468 0.00365306 -0.156067 0.0346395 -0.536256 0.1566 -0.0607446
470 0.00299154 -0.15587 0.0345636 -0.536405 0.163634 -0.0623051
472 0.00232985 -0.155664 0.0344858 -0.536526 0.170689 -0.0638687
474 0.00166803 -0.155449 0.034406 -0.536617 0.177765 -0.0654357
476 0.00100612 -0.155225 0.0343243 -0.536678 0.184863 -0.067006
478 0.000344149 -0.154993 0.0342407 -0.536709 0.191983 -0.0685797
480 -0.000317841 -0.154752 0.0341552 -0.536709 0.199127 -0.0701571
482 -0.000979813 -0.154501 0.0340677 -0.536679 0.206293 -0.0717381
484 -0.00164173 -0.154243 0.0339782 -0.536618 0.213484 -0.0733229
486 -0.00230355 -0.153975 0.0338868 -0.536526 0.2207 -0.0749116
488 -0.00296524 -0.153698 0.0337934 -0.536402 0.22794 -0.0765044
490 -0.00362675 -0.153413 0.0336981 -0.536246 0.235207 -0.0781012
492 -0.00428805 -0.153118 0.0336007 -0.536058 0.242499 -0.0797024
494 -0.0049491 -0.152814 0.0335014 -0.535837 0.249819 -0.0813078
496 -0.00560986 -0.152502 0.0334002 -0.535582 0.257166 -0.0829178
498 -0.00627028 -0.15218 0.0332969 -0.535295 0.264542 -0.0845323
500 -0.00693033 -0.151849 0.0331916 -0.534973 0.271946 -0.0861516
502 -0.00758996 -0.151509 0.0330844 -0.534618 0.27938 -0.0877757
504 -0.00824913 -0.15116 0.0329751 -0.534227 0.286844 -0.0894047
506 -0.0089078 -0.150801 0.0328638 -0.533801 0.294338 -0.0910388
508 -0.00956592 -0.150434 0.0327505 -0.533339 0.301865 -0.0926782
510 -0.0102234 -0.150057 0.0326352 -0.532842 0.309423 -0.0943229
512 -0.0108803 -0.14967 0.0325178 -0.532307 0.317014 -0.095973
514 -0.0115365 -0.149275 0.0323984 -0.531735 0.324639 -0.0976287
516 -0.012192 -0.14887 0.032277 -0.531126 0.332298 -0.0992902
518 -0.0128467 -0.148455 0.0321535 -0.530478 0.339992 -0.100958
520 -0.0135006 -0.148031 0.032028 -0.529791 0.347722 -0.102631
522 -0.0141536 -0.147597 0.0319003 -0.529064 0.355489 -0.10431
524 -0.0148057 -0.147154 0.0317706 -0.528298 0.363293 -0.105996
526 -0.0154568 -0.146701 0.0316389 -0.52749 0.371135 -0.107688
528 -0.0161069 -0.146238 0.031505 -0.526641 0.379016 -0.109387
530 -0.0167559 -0.145766 0.031369 -0.525749 0.386937 -0.111093
532 -0.0174038 -0.145284 0.0312309 -0.524815 0.394899 -0.112805
534 -0.0180506 -0.144792 0.0310907 -0.523837 0.402902 -0.114525
536 -0.018696 -0.14429 0.0309484 -0.522814 0.410948 -0.116251
538 -0.0193402 -0.143778 0.030804 -0.521746 0.419037 -0.117985
540 -0.0199831 -0.143256 0.0306574 -0.520631 0.42717 -0.119727
542 -0.0206245 -0.142724 0.0305086 -0.51947 0.435348 -0.121476
544 -0.0212645 -0.142182 0.0303577 -0.518261 0.443573 -0.123233
546 -0.021903 -0.14163 0.0302046 -0.517003 0.451844 -0.124998
548 -0.0225399 -0.141068 0.0300494 -0.515695 0.460164 -0.126771
550 -0.0231751 -0.140495 0.0298919 -0.514336 0.468533 -0.128553
552 -0.0238086 -0.139912 0.0297322 -0.512925 0.476952 -0.130343
554 -0.0244404 -0.139318 0.0295704 -0.511462 0.485422 -0.132142
556 -0.0250703 -0.138714 0.0294063 -0.509944 0.493945 -0.13395
558 -0.0256983 -0.1381 0.0292399 -0.508371 0.502521 -0.135767
560 -0.0263243 -0.137475 0.0290713 -0.506742 0.511152 -0.137593
562 -0.0269483 -0.136839 0.0289005 -0.505055 0.519839 -0.139429
564 -0.0275702 -0.136192 0.0287274 -0.503309 0.528583 -0.141274
566 -0.0281899 -0.135535 0.028552 -0.501502 0.537385 -0.14313
568 -0.0288073 -0.134867 0.0283743 -0.499634 0.546246 -0.144995
570 -0.0294224 -0.134187 0.0281943 -0.497703 0.555168 -0.146871
572 -0.030035 -0.133497 0.028012 -0.495708 0.564153 -0.148758
574 -0.0306452 -0.132796 0.0278273 -0.493646 0.5732 -0.150655
576 -0.0312527 -0.132083 0.0276403 -0.491516 0.582313 -0.152563
578 -0.0318576 -0.131359 0.027451 -0.489317 0.591492 -0.154483
580 -0.0324598 -0.130624 0.0272593 -0.487047 0.600739 -0.156414
582 -0.0330591 -0.129877 0.0270651 -0.484704 0.610055 -0.158357
584 -0.0336554 -0.129119 0.0268686 -0.482286 0.619441 -0.160311
586 -0.0342487 -0.128349 0.0266697 -0.479791 0.6289 -0.162278
588 -0.034839 -0.127568 0.0264683 -0.477218 0.638433 -0.164258
590 -0.0354259 -0.126774 0.0262645 -0.474563 0.648042 -0.16625
592 -0.0360096 -0.125969 0.0260582 -0.471826 0.657728 -0.168255
594 -0.0365898 -0.125152 0.0258494 -0.469002 0.667493 -0.170273
596 -0.0371665 -0.124322 0.0256381 -0.466092 0.677338 -0.172305
598 -0.0377395 -0.123481 0.0254243 -0.46309 0.687267 -0.174351
600 -0.0383088 -0.122627 0.025208 -0.459996 0.69728 -0.176411
602 -0.0388742 -0.121761 0.0249892 -0.456806 0.707379 -0.178485
604 -0.0394357 -0.120882 0.0247677 -0.453518 0.717567 -0.180575
606 -0.039993 -0.119991 0.0245437 -0.450129 0.727845 -0.182679
608 -0.040546 -0.119086 0.0243171 -0.446635 0.738216 -0.184798
610 -0.0410947 -0.118169 0.0240878 -0.443034 0.748682 -0.186934
612 -0.0416389 -0.117239 0.0238559 -0.439321 0.759245 -0.189085
614 -0.0421784 -0.116296 0.0236214 -0.435494 0.769908 -0.191253
616 -0.0427131 -0.11534 0.0233841 -0.431549 0.780671 -0.193437
618 -0.0432429 -0.114371 0.0231442 -0.427482 0.791539 -0.195638
620 -0.0437676 -0.113388 0.0229015 -0.42329 0.802514 -0.197857
622 -0.044287 -0.112391 0.0226561 -0.418967 0.813598 -0.200093
624 -0.044801 -0.111381 0.0224079 -0.41451 0.824793 -0.202348
626 -0.0453095 -0.110356 0.022157 -0.409913 0.836104 -0.204621
628 -0.0458122 -0.109318 0.0219032 -0.405173 0.847531 -0.206913
630 -0.0463089 -0.108265 0.0216465 -0.400284 0.859078 -0.209224
632 -0.0467995 -0.107199 0.021387 -0.39524 0.870749 -0.211555
634 -0.0472838 -0.106117 0.0211246 -0.390037 0.882546 -0.213906
636 -0.0477616 -0.105022 0.0208593 -0.384668 0.894472 -0.216278
638 -0.0482327 -0.103911 0.0205911 -0.379128 0.906531 -0.21867
640 -0.0486968 -0.102785 0.0203199 -0.373409 0.918725 -0.221084
642 -0.0491538 -0.101644 0.0200457 -0.367505 0.931059 -0.223519
644 -0.0496033 -0.100488 0.0197685 -0.361409 0.943536 -0.225976
646 -0.0500452 -0.0993168 0.0194883 -0.355113 0.956159 -0.228457
648 -0.0504792 -0.0981296 0.0192049 -0.34861 0.968932 -0.23096
650 -0.0509051 -0.0969266 0.0189185 -0.341891 0.981859 -0.233486
652 -0.0513225 -0.0957075 0.018629 -0.334946 0.994944 -0.236037
654 -0.0517312 -0.0944722 0.0183362 -0.327768 1.00819 -0.238611
656 -0.052131 -0.0932204 0.0180403 -0.320345 1.0216 -0.241211
658 -0.0525214 -0.091952 0.0177412 -0.312668 1.03519 -0.243836
660 -0.0529022 -0.0906667 0.0174388 -0.304725 1.04895 -0.246486
662 -0.053273 -0.0893643 0.0171332 -0.296505 1.06288 -0.249163
664 -0.0536335 -0.0880446 0.0168242 -0.287995 1.077 -0.251865
666 -0.0539833 -0.0867074 0.0165118 -0.279182 1.09131 -0.254595
668 -0.054322 -0.0853525 0.0161961 -0.270052 1.10582 -0.257352
670 -0.0546493 -0.0839795 0.015877 -0.260591 1.12052 -0.260137
672 -0.0549647 -0.0825882 0.0155544 -0.250782 1.13542 -0.262949
674 -0.0552678 -0.0811785 0.0152283 -0.240608 1.15054 -0.26579
676 -0.0555581 -0.07975 0.0148987 -0.230052 1.16587 -0.26866
678 -0.0558351 -0.0783024 0.0145656 -0.219094 1.18141 -0.271558
680 -0.0560984 -0.0768355 0.0142288 -0.207714 1.19718 -0.274485
682 -0.0563474 -0.0753491 0.0138884 -0.195891 1.21318 -0.277441
684 -0.0565814 -0.0738427 0.0135444 -0.1836 1.22942 -0.280427
686 -0.0568001 -0.0723162 0.0131967 -0.170817 1.2459 -0.283441
688 -0.0570026 -0.0707692 0.0128452 -0.157516 1.26262 -0.286485
690 -0.0571884 -0.0692014 0.0124899 -0.143667 1.27959 -0.289557
692 -0.0573568 -0.0676125 0.0121309 -0.129239 1.29682 -0.292658
694 -0.057507 -0.0660022 0.011768 -0.1142 1.31432 -0.295787
696 -0.0576382 -0.0643702 0.0114012 -0.0985142 1.33208 -0.298943
698 -0.0577497 -0.0627161 0.0110305 -0.0821425 1.35011 -0.302125
700 -0.0578406 -0.0610396 0.0106559 -0.0650438 1.36841 -0.305332
702 -0.0579098 -0.0593404 0.0102773 -0.0471733 1.38699 -0.308564
704 -0.0579566 -0.057618 0.00989473 -0.0284826 1.40586 -0.311817
706 -0.0579797 -0.0558722 0.00950811 -0.0089195 1.42501 -0.315091
708 -0.0579782 -0.0541026 0.00911744 0.0115729 1.44444 -0.318382
710 -0.0579508 -0.0523089 0.00872271 0.0330561 1.46416 -0.321687
712 -0.0578962 -0.0504907 0.00832389 0.055597 1.48416 -0.325004
714 -0.0578132 -0.0486476 0.00792098 0.0792684 1.50443 -0.328326
716 -0.0577002 -0.0467794 0.00751396 0.10415 1.52499 -0.33165
718 -0.0575557 -0.0448856 0.00710285 0.130327 1.5458 -0.334969
720 -0.0573781 -0.042966 0.00668765 0.157894 1.56687 -0.338276
722 -0.0571656 -0.0410203 0.00626839 0.186955 1.58817 -0.341562
724 -0.0569163 -0.0390482 0.00584509 0.217623 1.60969 -0.344817
726 -0.0566281 -0.0370494 0.0054178 0.25002 1.6314 -0.34803
728 -0.0562987 -0.0350237 0.00498658 0.284282 1.65326 -0.351185
730 -0.055926 -0.032971 0.00455151 0.320557 1.67523 -0.354267
732 -0.0555071 -0.0308912 0.0041127 0.359009 1.69726 -0.357255
734 -0.0550394 -0.0287842 0.00367027 0.399815 1.71928 -0.360126
736 -0.0545198 -0.02665 0.00322439 0.443173 1.74121 -0.362853
738 -0.053945 -0.024489 0.00277524 0.489298 1.76295 -0.365402
740 -0.0533115 -0.0223013 0.00232309 0.538425 1.78437 -0.367735
742 -0.0526155 -0.0200874 0.00186821 0.590813 1.80532 -0.369805
744 -0.0518526 -0.0178481 0.00141097 0.646745 1.82562 -0.371558
746 -0.0510185 -0.0155843 0.000951796 0.706526 1.84503 -0.372927
748 -0.050108 -0.0132972 0.000491209 0.770488 1.86328 -0.373836
750 -0.0491159 -0.0109885 2.98317e-05 0.838987 1.88002 -0.374191
752 -0.0480364 -0.00866026 -0.000431586 0.912402 1.89485 -0.373882
754 -0.046863 -0.0063152 -0.000892147 0.991129 1.90724 -0.372777
756 -0.0455891 -0.00395666 -0.00135078 1.07557 1.91659 -0.370722
758 -0.0442072 -0.00158884 -0.00180619 1.16613 1.92215 -0.367529
760 -0.0427097 0.000783026 -0.00225685 1.26318 1.923 -0.362983
762 -0.0410884 0.0031525 -0.00270095 1.36704 1.91807 -0.356826
764 -0.0393346 0.00551168 -0.0031363 1.47794 1.90606 -0.348763
766 -0.0374396 0.0078509 -0.00356037 1.59592 1.88545 -0.338455
768 -0.0353949 0.0101585 -0.00397014 1.72081 1.85448 -0.325523
770 -0.033192 0.0124205 -0.00436213 1.85207 1.81116 -0.309554
772 -0.0308239 0.0146204 -0.00473233 1.9887 1.75333 -0.290116
774 -0.0282847 0.0167388 -0.0050762 2.12907 1.67871 -0.266791
776 -0.0255712 0.0187537 -0.00538871 2.2708 1.58514 -0.239216
778 -0.0226838 0.0206405 -0.00566445 2.41064 1.47079 -0.207142
780 -0.019627 0.0223729 -0.00589782 2.5445 1.33449 -0.170514
782 -0.0164113 0.0239234 -0.00608329 2.66757 1.17617 -0.129549
784 -0.0130532 0.0252657 -0.00621583 2.77466 0.997161 -0.084798
786 -0.00957537 0.026376 -0.00629129 2.86075 0.800479 -0.0371679
788 -0.00600654 0.027235 -0.00630684 2.92167 0.590743 0.0121161
790 -0.00237959 0.0278303 -0.00626131 2.95471 0.373834 0.0616241
792 0.00127041 0.0281569 -0.00615534 2.95907 0.156236 0.109885
794 0.00490862 0.028218 -0.00599131 2.93594 -0.0557364 0.155562
796 0.00850273 0.028024 -0.00577309 2.88816 -0.256657 0.197595
798 0.0120247 0.0275911 -0.00550567 2.81973 -0.442451 0.235282
800 0.0154519 0.0269398 -0.00519463 2.73519 -0.610565 0.268278
802 0.0187672 0.0260927 -0.00484581 2.63903 -0.759864 0.296553
804 0.0219589 0.0250731 -0.00446494 2.53532 -0.89037 0.32031
806 0.0250198 0.0239037 -0.00405737 2.42752 -1.00293 0.339904
808 0.0279466 0.0226058 -0.00362798 2.31839 -1.09891 0.355772
810 0.0307392 0.021199 -0.00318108 2.20999 -1.17994 0.368375
812 0.0333992 0.0197006 -0.00272042 2.10385 -1.24772 0.378163
814 0.0359304 0.0181259 -0.0022492 2.00099 -1.30392 0.385553
816 0.038337 0.0164882 -0.00177016 1.90207 -1.35009 0.390921
818 0.0406242 0.014799 -0.00128556 1.80747 -1.38763 0.394594
820 0.0427975 0.0130681 -0.000797337 1.71735 -1.41777 0.396854
822 0.0448625 0.0113041 -0.00030707 1.63175 -1.44161 0.397941
824 0.0468246 0.00951413 0.00018392 1.55059 -1.46007 0.398057
826 0.0486893 0.00770426 0.000674543 1.47373 -1.47396 0.397372
828 0.0504618 0.00587972 0.0011639 1.40097 -1.48395 0.396028
830 0.0521469 0.00404497 0.00165126 1.33213 -1.49062 0.394144
832 0.0537494 0.00220375 0.00213601 1.26697 -1.49449 0.391817
834 0.0552737 0.000359297 0.00261766 1.20528 -1.49595 0.389131
836 0.056724 -0.00148568 0.00309581 1.14685 -1.49538 0.386153
838 0.0581041 -0.00332884 0.00357014 1.09146 -1.49307 0.38294
840 0.0594176 -0.00516821 0.00404038 1.03891 -1.48928 0.379539
842 0.060668 -0.00700212 0.00450634 0.989026 -1.48423 0.37599
844 0.0618584 -0.00882912 0.00496784 0.941621 -1.47811 0.372327
846 0.0629918 -0.010648 0.00542477 0.896534 -1.47108 0.368575
848 0.0640709 -0.0124577 0.00587703 0.853611 -1.46328 0.364758
850 0.0650983 -0.0142574 0.00632455 0.812709 -1.45483 0.360896
852 0.0660765 -0.0160463 0.00676729 0.773697 -1.44582 0.357003
854 0.0670076 -0.0178238 0.00720521 0.736453 -1.43635 0.353094
856 0.0678939 -0.0195894 0.00763831 0.700864 -1.42648 0.349179
858 0.0687372 -0.0213426 0.00806658 0.666826 -1.41629 0.345267
860 0.0695394 -0.023083 0.00849003 0.634241 -1.40582 0.341367
862 0.0703023 -0.0248104 0.00890868 0.603022 -1.39513 0.337483
864 0.0710275 -0.0265245 0.00932256 0.573085 -1.38426 0.333622
866 0.0717165 -0.0282251 0.00973168 0.544354 -1.37325 0.329787
868 0.0723708 -0.0299121 0.0101361 0.516759 -1.36211 0.325983
870 0.0729917 -0.0315852 0.0105358 0.490233 -1.35089 0.322211
872 0.0735805 -0.0332445 0.010931 0.464716 -1.33961 0.318474
874 0.0741385 -0.0348898 0.0113215 0.440151 -1.32828 0.314774
876 0.0746667 -0.0365211 0.0117075 0.416486 -1.31692 0.311112
878 0.0751662 -0.0381384 0.012089 0.393672 -1.30556 0.307489
880 0.0756381 -0.0397417 0.012466 0.371664 -1.29419 0.303906
882 0.0760834 -0.041331 0.0128387 0.350419 -1.28284 0.300363
884 0.0765029 -0.0429063 0.013207 0.329898 -1.27152 0.29686
886 0.0768975 -0.0444676 0.013571 0.310064 -1.26022 0.293398
888 0.077268 -0.046015 0.0139307 0.290882 -1.24896 0.289977
890 0.0776153 -0.0475486 0.0142863 0.272322 -1.23775 0.286595
892 0.07794 -0.0490684 0.0146377 0.254351 -1.22659 0.283254
894 0.0782429 -0.0505744 0.0149851 0.236943 -1.21549 0.279952
896 0.0785247 -0.0520668 0.0153284 0.220071 -1.20444 0.27669
898 0.078786 -0.0535456 0.0156676 0.203709 -1.19346 0.273466
900 0.0790275 -0.0550109 0.016003 0.187836 -1.18254 0.270281
902 0.0792496 -0.0564628 0.0163344 0.172427 -1.17169 0.267133
904 0.079453 -0.0579013 0.016662 0.157465 -1.1609 0.264022
906 0.0796382 -0.0593266 0.0169857 0.142927 -1.15019 0.260948
908 0.0798057 -0.0607387 0.0173057 0.128798 -1.13955 0.257909
910 0.0799561 -0.0621377 0.0176219 0.115058 -1.12899 0.254906
912 0.0800897 -0.0635237 0.0179345 0.101693 -1.11849 0.251936
914 0.0802071 -0.0648968 0.0182434 0.0886857 -1.10807 0.249001
916 0.0803086 -0.0662572 0.0185488 0.0760228 -1.09773 0.246098
918 0.0803948 -0.0676048 0.0188505 0.0636901 -1.08745 0.243228
920 0.0804659 -0.0689398 0.0191488 0.0516748 -1.07726 0.24039
922 0.0805224 -0.0702622 0.0194436 0.0399643 -1.06713 0.237583
924 0.0805646 -0.0715722 0.0197349 0.0285471 -1.05708 0.234806
926 0.0805929 -0.0728699 0.0200228 0.0174121 -1.0471 0.232059
928 0.0806076 -0.0741553 0.0203073 0.00654882 -1.03719 0.229342
930 0.0806092 -0.0754285 0.0205886 -0.00405284 -1.02735 0.226652
932 0.0805978 -0.0766896 0.0208665 -0.0144023 -1.01759 0.223991
934 0.0805737 -0.0779388 0.0211411 -0.0245087 -1.00789 0.221357
936 0.0805374 -0.079176 0.0214125 -0.0343805 -0.998266 0.21875
938 0.080489 -0.0804013 0.0216808 -0.0440259 -0.988708 0.216168
940 0.0804289 -0.081615 0.0219458 -0.0534528 -0.979217 0.213613
942 0.0803572 -0.0828169 0.0222077 -0.0626685 -0.969793 0.211082
944 0.0802744 -0.0840073 0.0224665 -0.0716802 -0.960434 0.208576
946 0.0801805 -0.0851862 0.0227222 -0.0804946 -0.95114 0.206093
948 0.0800759 -0.0863536 0.0229749 -0.0891181 -0.941909 0.203635
950 0.0799607 -0.0875098 0.0232246 -0.097557 -0.932741 0.201198
952 0.0798353 -0.0886546 0.0234713 -0.105817 -0.923635 0.198785
954 0.0796998 -0.0897882 0.023715 -0.113904 -0.91459 0.196393
956 0.0795544 -0.0909108 0.0239557 -0.121823 -0.905605 0.194022
958 0.0793993 -0.0920222 0.0241936 -0.12958 -0.896678 0.191673
960 0.0792348 -0.0931227 0.0244286 -0.137179 -0.887809 0.189344
962 0.079061 -0.0942123 0.0246607 -0.144625 -0.878998 0.187035
964 0.0788781 -0.0952911 0.02489 -0.151923 -0.870242 0.184745
966 0.0786863 -0.0963591 0.0251164 -0.159076 -0.861541 0.182475
968 0.0784857 -0.0974164 0.0253401 -0.16609 -0.852893 0.180223
970 0.0782766 -0.0984631 0.025561 -0.172968 -0.844299 0.17799
972 0.0780591 -0.0994992 0.0257792 -0.179714 -0.835757 0.175775
974 0.0778333 -0.100525 0.0259946 -0.186332 -0.827266 0.173577
976 0.0775995 -0.10154 0.0262074 -0.192825 -0.818826 0.171396
978 0.0773577 -0.102545 0.0264174 -0.199196 -0.810434 0.169232
980 0.0771082 -0.103539 0.0266248 -0.20545 -0.802091 0.167085
982 0.076851 -0.104523 0.0268296 -0.211589 -0.793795 0.164954
984 0.0765863 -0.105497 0.0270318 -0.217615 -0.785546 0.162838
986 0.0763142 -0.106461 0.0272313 -0.223533 -0.777343 0.160738
988 0.0760349 -0.107415 0.0274283 -0.229345 -0.769184 0.158653
990 0.0757485 -0.108359 0.0276227 -0.235053 -0.76107 0.156583
992 0.0754551 -0.109292 0.0278146 -0.24066 -0.752998 0.154527
994 0.0751548 -0.110216 0.0280039 -0.246169 -0.744969 0.152485
996 0.0748479 -0.11113 0.0281907 -0.251582 -0.736981 0.150457
998 0.0745343 -0.112034 0.0283751 -0.256902 -0.729034 0.148443
1000 0.0742142 -0.112929 0.0285569 -0.26213 -0.721127 0.146442
1002 0.0738877 -0.113813 0.0287363 -0.26727 -0.713259 0.144454
1004 0.0735549 -0.114688 0.0289133 -0.272322 -0.70543 0.142478
1006 0.0732159 -0.115553 0.0290878 -0.277289 -0.697638 0.140515
1008 0.0728709 -0.116409 0.0292599 -0.282173 -0.689883 0.138565
1010 0.0725199 -0.117255 0.0294296 -0.286976 -0.682163 0.136626
1012 0.072163 -0.118092 0.0295969 -0.2917 -0.67448 0.134699
1014 0.0718004 -0.118919 0.0297619 -0.296346 -0.66683 0.132783
1016 0.071432 -0.119737 0.0299245 -0.300917 -0.659215 0.130879
1018 0.0710581 -0.120545 0.0300847 -0.305413 -0.651633 0.128985
1020 0.0706786 -0.121344 0.0302427 -0.309837 -0.644084 0.127102
1022 0.0702938 -0.122134 0.0303983 -0.314189 -0.636566 0.12523
1024 0.0699036 -0.122915 0.0305516 -0.318473 -0.62908 0.123368
1026 0.0695082 -0.123686 0.0307026 -0.322688 -0.621624 0.121516
1028 0.0691076 -0.124448 0.0308514 -0.326836 -0.614198 0.119674
1030 0.068702 -0.125201 0.0309978 -0.330919 -0.606801 0.117841
1032 0.0682913 -0.125945 0.0311421 -0.334938 -0.599433 0.116018
1034 0.0678758 -0.12668 0.031284 -0.338895 -0.592093 0.114204
1036 0.0674553 -0.127406 0.0314238 -0.342789 -0.584781 0.1124
1038 0.0670302 -0.128122 0.0315613 -0.346624 -0.577495 0.110604
1040 0.0666003 -0.12883 0.0316966 -0.350399 -0.570235 0.108816
1042 0.0661658 -0.129529 0.0318298 -0.354117 -0.563002 0.107038
1044 0.0657268 -0.130219 0.0319607 -0.357777 -0.555793 0.105267
1046 0.0652833 -0.1309 0.0320894 -0.361382 -0.548608 0.103505
1048 0.0648353 -0.131572 0.032216 -0.364932 -0.541448 0.101751
1050 0.0643831 -0.132236 0.0323404 -0.368428 -0.534311 0.100004
1052 0.0639265 -0.13289 0.0324627 -0.371871 -0.527196 0.0982653
1054 0.0634657 -0.133536 0.0325829 -0.375262 -0.520104 0.0965339
1056 0.0630008 -0.134173 0.0327009 -0.378602 -0.513034 0.0948097
1058 0.0625318 -0.134802 0.0328167 -0.381892 -0.505985 0.0930927
1060 0.0620588 -0.135422 0.0329305 -0.385132 -0.498957 0.0913826
1062 0.0615818 -0.136033 0.0330422 -0.388324 -0.491948 0.0896794
1064 0.0611009 -0.136635 0.0331517 -0.391469 -0.48496 0.0879829
1066 0.0606161 -0.137229 0.0332592 -0.394566 -0.477991 0.0862928
1068 0.0601275 -0.137814 0.0333646 -0.397618 -0.47104 0.0846092
1070 0.0596353 -0.138391 0.0334679 -0.400624 -0.464108 0.0829318
1072 0.0591393 -0.138959 0.0335692 -0.403585 -0.457193 0.0812604
1074 0.0586397 -0.139519 0.0336684 -0.406502 -0.450295 0.0795951
1076 0.0581365 -0.14007 0.0337655 -0.409376 -0.443415 0.0779355
1078 0.0576299 -0.140613 0.0338606 -0.412207 -0.43655 0.0762816
1080 0.0571197 -0.141147 0.0339537 -0.414996 -0.429702 0.0746333
1082 0.0566061 -0.141673 0.0340447 -0.417744 -0.422868 0.0729904
1084 0.0560892 -0.14219 0.0341338 -0.420451 -0.41605 0.0713528
1086 0.055569 -0.142699 0.0342208 -0.423118 -0.409246 0.0697203
1088 0.0550455 -0.1432 0.0343058 -0.425745 -0.402457 0.0680929
1090 0.0545188 -0.143692 0.0343887 -0.428332 -0.39568 0.0664703
1092 0.0539889 -0.144176 0.0344697 -0.430882 -0.388917 0.0648526
1094 0.0534559 -0.144651 0.0345487 -0.433393 -0.382167 0.0632395
1096 0.0529198 -0.145118 0.0346257 -0.435866 -0.375429 0.061631
1098 0.0523807 -0.145577 0.0347008 -0.438303 -0.368703 0.0600269
1100 0.0518386 -0.146028 0.0347738 -0.440703 -0.361988 0.0584272
1102 0.0512935 -0.14647 0.0348449 -0.443066 -0.355284 0.0568316
1104 0.0507456 -0.146904 0.034914 -0.445394 -0.348591 0.0552401
1106 0.0501948 -0.14733 0.0349812 -0.447687 -0.341908 0.0536526
1108 0.0496413 -0.147748 0.0350464 -0.449945 -0.335235 0.052069
1110 0.0490849 -0.148157 0.0351096 -0.452168 -0.328572 0.0504891
1112 0.0485258 -0.148558 0.0351709 -0.454357 -0.321917 0.0489129
1114 0.0479641 -0.148951 0.0352303 -0.456513 -0.315271 0.0473402
1116 0.0473997 -0.149336 0.0352877 -0.458635 -0.308633 0.0457709
1118 0.0468327 -0.149713 0.0353432 -0.460724 -0.302003 0.044205
1120 0.0462632 -0.150081 0.0353967 -0.462781 -0.29538 0.0426423
1122 0.0456911 -0.150441 0.0354484 -0.464805 -0.288765 0.0410827
1124 0.0451166 -0.150793 0.0354981 -0.466797 -0.282156 0.0395262
1126 0.0445396 -0.151137 0.0355459 -0.468758 -0.275553 0.0379725
1128 0.0439603 -0.151473 0.0355918 -0.470687 -0.268956 0.0364217
1130 0.0433785 -0.151801 0.0356357 -0.472585 -0.262365 0.0348737
1132 0.0427945 -0.15212 0.0356778 -0.474453 -0.255778 0.0333282
1134 0.0422082 -0.152432 0.0357179 -0.47629 -0.249197 0.0317853
1136 0.0416196 -0.152735 0.0357562 -0.478097 -0.242619 0.0302448
1138 0.0410288 -0.15303 0.0357926 -0.479873 -0.236046 0.0287067
1140 0.0404358 -0.153317 0.035827 -0.48162 -0.229476 0.0271708
1142 0.0398407 -0.153596 0.0358596 -0.483338 -0.22291 0.025637
1144 0.0392435 -0.153867 0.0358903 -0.485026 -0.216346 0.0241053
1146 0.0386443 -0.15413 0.035919 -0.486686 -0.209785 0.0225756
1148 0.038043 -0.154385 0.0359459 -0.488316 -0.203226 0.0210477
1150 0.0374397 -0.154631 0.035971 -0.489918 -0.196669 0.0195216
1152 0.0368344 -0.15487 0.0359941 -0.491491 -0.190113 0.0179972
1154 0.0362273 -0.1551 0.0360154 -0.493036 -0.183558 0.0164744
1156 0.0356182 -0.155323 0.0360347 -0.494553 -0.177003 0.0149532
1158 0.0350073 -0.155537 0.0360523 -0.496042 -0.170449 0.0134333
1160 0.0343946 -0.155743 0.0360679 -0.497503 -0.163895 0.0119147
1162 0.03378 -0.155941 0.0360816 -0.498937 -0.15734 0.0103974
1164 0.0331638 -0.156131 0.0360935 -0.500343 -0.150785 0.00888128
1166 0.0325458 -0.156313 0.0361036 -0.501722 -0.144228 0.00736619
1168 0.0319261 -0.156487 0.0361117 -0.503074 -0.137669 0.00585207
1170 0.0313048 -0.156653 0.036118 -0.504399 -0.131109 0.00433884
1172 0.0306819 -0.156811 0.0361224 -0.505697 -0.124546 0.00282641
1174 0.0300573 -0.15696 0.036125 -0.506967 -0.117981 0.00131469
1176 0.0294313 -0.157102 0.0361257 -0.508212 -0.111412 -0.000196403
1178 0.0288037 -0.157235 0.0361245 -0.509429 -0.104841 -0.00170696
1180 0.0281746 -0.15736 0.0361214 -0.51062 -0.0982648 -0.00321706
1182 0.0275441 -0.157477 0.0361165 -0.511785 -0.0916849 -0.0047268
1184 0.0269121 -0.157586 0.0361098 -0.512923 -0.0851003 -0.00623626
1186 0.0262788 -0.157687 0.0361012 -0.514034 -0.0785109 -0.00774552
1188 0.0256441 -0.15778 0.0360907 -0.51512 -0.0719161 -0.00925468
1190 0.0250081 -0.157865 0.0360783 -0.516179 -0.0653156 -0.0107638
1192 0.0243708 -0.157941 0.0360641 -0.517212 -0.058709 -0.012273
1194 0.0237322 -0.15801 0.0360481 -0.518219 -0.0520959 -0.0137824
1196 0.0230924 -0.15807 0.0360301 -0.5192 -0.045476 -0.015292
1198 0.0224514 -0.158122 0.0360103 -0.520154 -0.0388489 -0.0168019
1200 0.0218093 -0.158166 0.0359887 -0.521083 -0.0322141 -0.0183122
1202 0.021166 -0.158201 0.0359652 -0.521985 -0.0255713 -0.019823
1204 0.0205217 -0.158229 0.0359398 -0.522861 -0.01892 -0.0213345
1206 0.0198762 -0.158248 0.0359125 -0.523711 -0.01226 -0.0228465
1208 0.0192298 -0.158259 0.0358834 -0.524535 -0.00559078 -0.0243594
1210 0.0185823 -0.158262 0.0358524 -0.525333 0.00108807 -0.0258731
1212 0.0179339 -0.158256 0.0358196 -0.526105 0.00777694 -0.0273877
1214 0.0172845 -0.158242 0.0357849 -0.52685 0.0144762 -0.0289033
1216 0.0166342 -0.15822 0.0357483 -0.52757 0.0211863 -0.0304201
1218 0.0159831 -0.15819 0.0357098 -0.528262 0.0279077 -0.031938
1220 0.0153311 -0.158152 0.0356695 -0.528929 0.0346407 -0.0334573
1222 0.0146783 -0.158105 0.0356273 -0.529569 0.0413858 -0.0349779
1224 0.0140247 -0.15805 0.0355832 -0.530182 0.0481434 -0.0365
1226 0.0133704 -0.157986 0.0355373 -0.530769 0.0549139 -0.0380236
1228 0.0127154 -0.157914 0.0354894 -0.53133 0.0616978 -0.0395489
1230 0.0120597 -0.157834 0.0354397 -0.531863 0.0684955 -0.0410759
1232 0.0114034 -0.157745 0.0353881 -0.532369 0.0753074 -0.0426047
1234 0.0107465 -0.157648 0.0353346 -0.532849 0.0821339 -0.0441355
1236 0.010089 -0.157542 0.0352792 -0.533301 0.0889757 -0.0456683
1238 0.00943094 -0.157428 0.0352219 -0.533726 0.095833 -0.0472032
1240 0.00877238 -0.157306 0.0351628 -0.534124 0.102706 -0.0487403
1242 0.00811335 -0.157175 0.0351017 -0.534493 0.109596 -0.0502797
1244 0.00745389 -0.157036 0.0350387 -0.534836 0.116503 -0.0518215
1246 0.00679401 -0.156888 0.0349739 -0.53515 0.123427 -0.0533657
1248 0.00613377 -0.156731 0.0349071 -0.535436 0.130369 -0.0549126
1250 0.00547319 -0.156566 0.0348384 -0.535694 0.13733 -0.0564621
1252 0.00481231 -0.156392 0.0347678 -0.535923 0.144309 -0.0580145
1254 0.00415117 -0.15621 0.0346953 -0.536124 0.151308 -0.0595697
1256 0.00348979 -0.156019 0.0346209 -0.536296 0.158327 -0.0611279
1258 0.00282823 -0.15582 0.0345445 -0.536438 0.165366 -0.0626891
1260 0.0021665 -0.155611 0.0344662 -0.536552 0.172426 -0.0642536
1262 0.00150465 -0.155394 0.034386 -0.536635 0.179508 -0.0658213
1264 0.000842723 -0.155168 0.0343038 -0.536689 0.186611 -0.0673925
1266 0.000180744 -0.154934 0.0342197 -0.536712 0.193737 -0.0689671
1268 -0.000481245 -0.15469 0.0341337 -0.536705 0.200886 -0.0705454
1270 -0.00114321 -0.154438 0.0340457 -0.536668 0.208059 -0.0721273
1272 -0.0018051 -0.154177 0.0339558 -0.536599 0.215256 -0.0737131
1274 -0.0024669 -0.153907 0.0338639 -0.536499 0.222477 -0.0753028
1276 -0.00312854 -0.153628 0.03377 -0.536367 0.229724 -0.0768966
1278 -0.00379001 -0.153341 0.0336742 -0.536203 0.236997 -0.0784945
1280 -0.00445126 -0.153044 0.0335764 -0.536007 0.244296 -0.0800966
1282 -0.00511224 -0.152738 0.0334766 -0.535777 0.251623 -0.0817032
1284 -0.00577292 -0.152423 0.0333748 -0.535515 0.258977 -0.0833143
1286 -0.00643325 -0.152099 0.0332711 -0.535219 0.266359 -0.08493
1288 -0.0070932 -0.151766 0.0331653 -0.534889 0.273771 -0.0865504
1290 -0.00775272 -0.151424 0.0330576 -0.534525 0.281212 -0.0881757
1292 -0.00841177 -0.151072 0.0329478 -0.534126 0.288684 -0.089806
1294 -0.00907031 -0.150712 0.032836 -0.533691 0.296186 -0.0914414
1296 -0.00972828 -0.150342 0.0327222 -0.53322 0.30372 -0.0930821
1298 -0.0103857 -0.149962 0.0326064 -0.532714 0.311286 -0.0947281
1300 -0.0110424 -0.149574 0.0324886 -0.53217 0.318886 -0.0963796
1302 -0.0116984 -0.149176 0.0323687 -0.531589 0.326519 -0.0980367
1304 -0.0123537 -0.148768 0.0322467 -0.53097 0.334187 -0.0996996
1306 -0.0130082 -0.148351 0.0321227 -0.530312 0.34189 -0.101368
1308 -0.0136619 -0.147925 0.0319967 -0.529616 0.349629 -0.103043
1310 -0.0143147 -0.147489 0.0318685 -0.528879 0.357405 -0.104724
1312 -0.0149665 -0.147043 0.0317383 -0.528103 0.365218 -0.106412
1314 -0.0156174 -0.146588 0.031606 -0.527285 0.37307 -0.108106
1316 -0.0162672 -0.146123 0.0314716 -0.526425 0.38096 -0.109806
1318 -0.016916 -0.145648 0.0313351 -0.525523 0.388891 -0.111513
1320 -0.0175636 -0.145163 0.0311965 -0.524578 0.396863 -0.113227
1322 -0.01821 -0.144669 0.0310558 -0.523589 0.404877 -0.114949
1324 -0.0188552 -0.144165 0.030913 -0.522555 0.412933 -0.116677
1326 -0.0194991 -0.14365 0.030768 -0.521476 0.421033 -0.118413
1328 -0.0201416 -0.143126 0.0306209 -0.52035 0.429177 -0.120156
1330 -0.0207827 -0.142592 0.0304716 -0.519177 0.437367 -0.121907
1332 -0.0214223 -0.142047 0.0303201 -0.517955 0.445603 -0.123666
1334 -0.0220603 -0.141492 0.0301665 -0.516685 0.453886 -0.125433
1336 -0.0226968 -0.140927 0.0300107 -0.515365 0.462218 -0.127209
1338 -0.0233316 -0.140352 0.0298527 -0.513993 0.470599 -0.128992
1340 -0.0239647 -0.139766 0.0296925 -0.512569 0.479031 -0.130785
1342 -0.024596 -0.13917 0.0295301 -0.511093 0.487514 -0.132586
1344 -0.0252255 -0.138564 0.0293654 -0.509561 0.49605 -0.134396
1346 -0.025853 -0.137947 0.0291986 -0.507975 0.504639 -0.136215
1348 -0.0264786 -0.137319 0.0290294 -0.506331 0.513284 -0.138044
1350 -0.027102 -0.136681 0.028858 -0.50463 0.521984 -0.139882
1352 -0.0277234 -0.136031 0.0286843 -0.502869 0.530742 -0.14173
1354 -0.0283425 -0.135371 0.0285084 -0.501048 0.539559 -0.143588
1356 -0.0289594 -0.1347 0.0283301 -0.499164 0.548435 -0.145456
1358 -0.0295738 -0.134018 0.0281496 -0.497217 0.557372 -0.147334
1360 -0.0301859 -0.133325 0.0279667 -0.495206 0.566372 -0.149223
1362 -0.0307954 -0.132621 0.0277815 -0.493127 0.575436 -0.151123
1364 -0.0314023 -0.131906 0.0275939 -0.490981 0.584565 -0.153034
1366 -0.0320065 -0.131179 0.0274039 -0.488764 0.59376 -0.154957
1368 -0.032608 -0.130441 0.0272116 -0.486476 0.603024 -0.156891
1370 -0.0332066 -0.129691 0.0270169 -0.484115 0.612357 -0.158836
1372 -0.0338022 -0.12893 0.0268198 -0.481678 0.621762 -0.160794
1374 -0.0343948 -0.128158 0.0266203 -0.479164 0.631239 -0.162764
1376 -0.0349842 -0.127373 0.0264183 -0.476571 0.64079 -0.164746
1378 -0.0355703 -0.126577 0.0262138 -0.473896 0.650417 -0.166742
1380 -0.0361532 -0.125769 0.0260069 -0.471137 0.660123 -0.16875
1382 -0.0367325 -0.124948 0.0257976 -0.468293 0.669907 -0.170772
1384 -0.0373083 -0.124116 0.0255857 -0.46536 0.679773 -0.172807
1386 -0.0378805 -0.123272 0.0253713 -0.462336 0.689722 -0.174856
1388 -0.0384488 -0.122415 0.0251543 -0.459219 0.699756 -0.17692
1390 -0.0390132 -0.121545 0.0249348 -0.456005 0.709877 -0.178998
1392 -0.0395737 -0.120663 0.0247128 -0.452692 0.720087 -0.181091
1394 -0.0401299 -0.119769 0.0244881 -0.449277 0.730388 -0.183199
1396 -0.0406819 -0.118862 0.0242608 -0.445757 0.740782 -0.185322
1398 -0.0412295 -0.117942 0.0240309 -0.442129 0.751272 -0.187461
1400 -0.0417725 -0.117008 0.0237984 -0.438388 0.761859 -0.189617
1402 -0.0423109 -0.116062 0.0235632 -0.434533 0.772546 -0.191788
1404 -0.0428444 -0.115103 0.0233253 -0.430558 0.783335 -0.193977
1406 -0.0433729 -0.11413 0.0230847 -0.42646 0.79423 -0.196182
1408 -0.0438963 -0.113143 0.0228413 -0.422236 0.805231 -0.198405
1410 -0.0444145 -0.112143 0.0225952 -0.41788 0.816342 -0.200646
1412 -0.0449271 -0.111129 0.0223464 -0.413389 0.827565 -0.202905
1414 -0.0454342 -0.110102 0.0220947 -0.408758 0.838904 -0.205183
1416 -0.0459354 -0.10906 0.0218402 -0.403981 0.850361 -0.20748
1418 -0.0464307 -0.108004 0.0215829 -0.399055 0.861938 -0.209796
1420 -0.0469197 -0.106934 0.0213226 -0.393972 0.87364 -0.212132
1422 -0.0474025 -0.105849 0.0210596 -0.388729 0.885468 -0.214488
1424 -0.0478786 -0.104749 0.0207935 -0.383318 0.897426 -0.216864
1426 -0.048348 -0.103635 0.0205246 -0.377735 0.909518 -0.219262
1428 -0.0488103 -0.102506 0.0202526 -0.371971 0.921747 -0.221681
1430 -0.0492655 -0.101361 0.0199777 -0.36602 0.934115 -0.224121
1432 -0.0497132 -0.100201 0.0196998 -0.359876 0.946627 -0.226584
1434 -0.0501532 -0.0990259 0.0194188 -0.35353 0.959287 -0.22907
1436 -0.0505852 -0.0978348 0.0191347 -0.346974 0.972098 -0.231579
1438 -0.051009 -0.0966278 0.0188475 -0.3402 0.985063 -0.234111
1440 -0.0514243 -0.0954048 0.0185572 -0.333199 0.998188 -0.236668
1442 -0.0518308 -0.0941654 0.0182637 -0.325961 1.01147 -0.239249
1444 -0.0522283 -0.0929096 0.017967 -0.318477 1.02493 -0.241854
1446 -0.0526164 -0.091637 0.017667 -0.310735 1.03856 -0.244485
1448 -0.0529947 -0.0903475 0.0173638 -0.302725 1.05236 -0.247142
1450 -0.053363 -0.0890409 0.0170574 -0.294435 1.06634 -0.249825
1452 -0.0537209 -0.087717 0.0167476 -0.285852 1.08051 -0.252534
1454 -0.0540681 -0.0863754 0.0164344 -0.276962 1.09486 -0.255271
1456 -0.054404 -0.085016 0.0161178 -0.267752 1.10942 -0.258035
1458 -0.0547284 -0.0836386 0.0157978 -0.258206 1.12417 -0.260826
1460 -0.0550408 -0.0822428 0.0154744 -0.248309 1.13912 -0.263646
1462 -0.0553408 -0.0808285 0.0151475 -0.238042 1.15429 -0.266493
1464 -0.0556279 -0.0793953 0.014817 -0.227389 1.16967 -0.26937
1466 -0.0559016 -0.077943 0.014483 -0.21633 1.18527 -0.272275
1468 -0.0561614 -0.0764713 0.0141453 -0.204843 1.2011 -0.275209
1470 -0.0564067 -0.07498 0.0138041 -0.192906 1.21716 -0.278173
1472 -0.056637 -0.0734687 0.0134591 -0.180497 1.23345 -0.281165
1474 -0.0568517 -0.0719372 0.0131105 -0.167589 1.24999 -0.284187
1476 -0.0570502 -0.0703851 0.0127581 -0.154156 1.26677 -0.287238
1478 -0.0572318 -0.0688122 0.0124019 -0.140167 1.28381 -0.290317
1480 -0.0573958 -0.067218 0.0120419 -0.125592 1.3011 -0.293425
1482 -0.0575414 -0.0656024 0.011678 -0.110397 1.31866 -0.29656
1484 -0.0576678 -0.063965 0.0113103 -0.0945461 1.33649 -0.299723
1486 -0.0577743 -0.0623054 0.0109387 -0.0779994 1.35458 -0.302911
1488 -0.0578599 -0.0606234 0.0105631 -0.0607149 1.37296 -0.306125
1490 -0.0579237 -0.0589185 0.0101835 -0.0426472 1.39161 -0.309362
1492 -0.0579648 -0.0571904 0.00979991 -0.0237468 1.41054 -0.31262
1494 -0.057982 -0.0554388 0.00941229 -0.00396038 1.42976 -0.315899
1496 -0.0579742 -0.0536633 0.00902063 0.01677 1.44926 -0.319193
1498 -0.0579402 -0.0518636 0.00862489 0.0385071 1.46905 -0.322502
1500 -0.0578787 -0.0500393 0.00822507 0.0613193 1.48912 -0.32582
1502 -0.0577884 -0.04819 0.00782114 0.0852808 1.50946 -0.329143
1504 -0.0576679 -0.0463156 0.00741312 0.110473 1.53008 -0.332467
1506 -0.0575154 -0.0444155 0.00700101 0.136983 1.55096 -0.335783
1508 -0.0573294 -0.0424895 0.00658481 0.164908 1.57209 -0.339086
1510 -0.057108 -0.0405373 0.00616455 0.194354 1.59345 -0.342366
1512 -0.0568492 -0.0385586 0.00574026 0.225435 1.61501 -0.345611
1514 -0.0565511 -0.0365533 0.005312 0.258278 1.63676 -0.348811
1516 -0.0562113 -0.034521 0.00487983 0.293021 1.65866 -0.35195
1518 -0.0558274 -0.0324616 0.00444383 0.329816 1.68065 -0.355011
1520 -0.0553968 -0.0303751 0.00400411 0.36883 1.70268 -0.357972
1522 -0.0549166 -0.0282614 0.00356082 0.410245 1.72469 -0.360811
1524 -0.0543837 -0.0261206 0.00311411 0.454263 1.74658 -0.363497
1526 -0.0537949 -0.0239529 0.00266421 0.501104 1.76825 -0.365997
1528 -0.0531463 -0.0217587 0.00221135 0.551009 1.78957 -0.368269
1530 -0.0524342 -0.0195386 0.00175586 0.604242 1.81038 -0.370267
1532 -0.0516543 -0.0172931 0.0012981 0.661091 1.83048 -0.371932
1534 -0.0508018 -0.0150235 0.000838532 0.721869 1.84963 -0.373195
1536 -0.0498718 -0.0127309 0.00037769 0.786913 1.86755 -0.373977
1538 -0.0488587 -0.0104172 -8.37697e-05 0.856586 1.88386 -0.374179
1540 -0.0477567 -0.00808455 -0.000545064 0.931271 1.89814 -0.373688
1542 -0.0465592 -0.00573583 -0.00100525 1.01137 1.90984 -0.372365
1544 -0.0452594 -0.00337459 -0.00146322 1.09728 1.91833 -0.370048
1546 -0.0438499 -0.00100526 -0.00191761 1.1894 1.92282 -0.366544
1548 -0.0423227 0.00136666 -0.00236684 1.2881 1.92236 -0.361626
1550 -0.0406695 0.00373439 -0.002809 1.39368 1.91582 -0.355029
1552 -0.0388818 0.00608962 -0.00324182 1.50631 1.90184 -0.346447
1554 -0.0369508 0.00842222 -0.00366267 1.62603 1.87885 -0.33553
1556 -0.0348679 0.01072 -0.0040684 1.75255 1.84504 -0.32189
1558 -0.032625 0.0129683 -0.00445542 1.88525 1.79836 -0.305107
1560 -0.0302152 0.01515 -0.00481958 2.02297 1.7366 -0.284751
1562 -0.0276333 0.0172451 -0.00515622 2.16393 1.65752 -0.260411
1564 -0.0248768 0.0192309 -0.00546019 2.30552 1.55899 -0.231745
1566 -0.0219471 0.0210822 -0.00572603 2.44431 1.43931 -0.198547
1568 -0.0188501 0.0227723 -0.00594811 2.57598 1.29755 -0.16082
1570 -0.0155975 0.024274 -0.006121 2.6956 1.13395 -0.118859
1572 -0.0122076 0.0255613 -0.00623983 2.79797 0.950248 -0.0733018
1574 -0.00870452 0.0266112 -0.00630075 2.87821 0.749869 -0.025141
1576 -0.00511822 0.0274062 -0.00630131 2.93245 0.537787 0.0243354
1578 -0.00148231 0.0279356 -0.00624078 2.95843 0.3201 0.0736707
1580 0.00216796 0.0281963 -0.00612023 2.95585 0.103324 0.121411
1582 0.00579818 0.0281934 -0.00594246 2.92633 -0.106387 0.166277
1584 0.00937695 0.0279389 -0.00571164 2.87307 -0.303906 0.207292
1586 0.0128775 0.0274502 -0.00543295 2.80025 -0.485529 0.243843
1588 0.0162785 0.0267486 -0.00511207 2.71244 -0.649069 0.27567
1590 0.0195643 0.0258569 -0.00475485 2.61407 -0.793705 0.302807
1592 0.0227243 0.0247983 -0.00436692 2.50906 -0.919693 0.325503
1594 0.0257524 0.0235954 -0.00395355 2.4007 -1.02803 0.344138
1596 0.0286461 0.022269 -0.00351948 2.29158 -1.12018 0.35916
1598 0.0314058 0.0208381 -0.00306886 2.18362 -1.19779 0.371029
1600 0.0340338 0.0193195 -0.00260532 2.0782 -1.26257 0.38019
1602 0.0365338 0.0177281 -0.00213194 1.97626 -1.31616 0.38705
1604 0.0389106 0.0160768 -0.00165133 1.87838 -1.36008 0.391973
1606 0.0411693 0.0143765 -0.00116567 1.78487 -1.3957 0.395273
1608 0.0433154 0.0126367 -0.000676808 1.69587 -1.4242 0.397224
1610 0.0453546 0.0108657 -0.000186248 1.61137 -1.44663 0.398054
1612 0.0472922 0.00907025 0.000304747 1.53128 -1.46389 0.397959
1614 0.0491337 0.00725631 0.000795137 1.45544 -1.47676 0.397099
1616 0.0508842 0.00542887 0.00128407 1.38367 -1.48588 0.395612
1618 0.0525486 0.00359218 0.00177084 1.31575 -1.49183 0.39361
1620 0.0541315 0.00174988 0.00225487 1.25147 -1.49506 0.391188
1622 0.0556372 -9.49455e-05 0.00273569 1.1906 -1.49599 0.388424
1624 0.0570698 -0.00193968 0.00321293 1.13293 -1.49497 0.385383
1626 0.0584332 -0.00378209 0.00368628 1.07826 -1.49227 0.38212
1628 0.0597308 -0.00562028 0.00415549 1.02639 -1.48815 0.378679
1630 0.0609662 -0.00745262 0.00462036 0.97713 -1.48282 0.3751
1632 0.0621423 -0.00927774 0.00508075 0.93031 -1.47647 0.371412
1634 0.063262 -0.0110945 0.00553654 0.885769 -1.46924 0.367642
1636 0.0643282 -0.0129018 0.00598764 0.843356 -1.46127 0.363813
1638 0.0653433 -0.0146989 0.00643399 0.802931 -1.45267 0.359941
1640 0.0663096 -0.0164851 0.00687554 0.764365 -1.44354 0.356043
1642 0.0672295 -0.0182597 0.00731228 0.727538 -1.43396 0.352132
1644 0.068105 -0.0200223 0.00774419 0.69234 -1.42401 0.348217
1646 0.0689381 -0.0217724 0.00817128 0.658668 -1.41374 0.344307
1648 0.0697304 -0.0235096 0.00859355 0.626427 -1.40322 0.34041
1650 0.0704839 -0.0252338 0.00901102 0.595531 -1.39248 0.336531
1652 0.0712 -0.0269446 0.00942372 0.565898 -1.38157 0.332676
1654 0.0718804 -0.0286418 0.00983169 0.537452 -1.37052 0.328849
1656 0.0725263 -0.0303254 0.010235 0.510126 -1.35936 0.325052
1658 0.0731392 -0.0319951 0.0106336 0.483854 -1.34813 0.321288
1660 0.0737203 -0.033651 0.0110275 0.458576 -1.33683 0.31756
1662 0.0742708 -0.0352928 0.0114169 0.434237 -1.32549 0.31387
1664 0.0747919 -0.0369207 0.0118018 0.410786 -1.31413 0.310217
1666 0.0752845 -0.0385346 0.0121822 0.388174 -1.30276 0.306604
1668 0.0757498 -0.0401344 0.0125582 0.366358 -1.2914 0.30303
1670 0.0761886 -0.0417203 0.0129298 0.345294 -1.28006 0.299497
1672 0.0766018 -0.0432921 0.013297 0.324946 -1.26874 0.296005
1674 0.0769904 -0.04485 0.01366 0.305276 -1.25745 0.292553
1676 0.0773552 -0.0463941 0.0140187 0.28625 -1.2462 0.289141
1678 0.0776968 -0.0479242 0.0143732 0.267837 -1.235 0.285769
1680 0.0780161 -0.0494406 0.0147237 0.250008 -1.22385 0.282438
1682 0.0783138 -0.0509433 0.01507 0.232734 -1.21276 0.279146
1684 0.0785904 -0.0524323 0.0154123 0.215989 -1.20173 0.275893
1686 0.0788468 -0.0539078 0.0157506 0.19975 -1.19076 0.272679
1688 0.0790834 -0.0553698 0.0160849 0.183993 -1.17986 0.269503
1690 0.0793009 -0.0568184 0.0164154 0.168696 -1.16903 0.266364
1692 0.0794997 -0.0582536 0.016742 0.15384 -1.15826 0.263262
1694 0.0796805 -0.0596756 0.0170649 0.139404 -1.14757 0.260197
1696 0.0798438 -0.0610845 0.0173839 0.125372 -1.13695 0.257167
1698 0.07999 -0.0624803 0.0176993 0.111726 -1.1264 0.254172
1700 0.0801195 -0.0638632 0.0180109 0.0984505 -1.11592 0.251211
1702 0.080233 -0.0652332 0.018319 0.0855295 -1.10552 0.248283
1704 0.0803307 -0.0665903 0.0186234 0.0729491 -1.09519 0.245389
1706 0.080413 -0.0679348 0.0189243 0.0606957 -1.08494 0.242527
1708 0.0804805 -0.0692667 0.0192217 0.0487565 -1.07476 0.239696
1710 0.0805334 -0.0705861 0.0195156 0.0371194 -1.06465 0.236897
1712 0.0805722 -0.0718931 0.0198061 0.0257727 -1.05462 0.234127
1714 0.0805971 -0.0731877 0.0200932 0.0147055 -1.04465 0.231388
1716 0.0806086 -0.0744701 0.0203769 0.00390749 -1.03476 0.228677
1718 0.0806069 -0.0757403 0.0206573 -0.00663123 -1.02494 0.225994
1720 0.0805923 -0.0769985 0.0209344 -0.01692 -1.0152 0.22334
1722 0.0805652 -0.0782447 0.0212083 -0.0269679 -1.00552 0.220712
1724 0.0805259 -0.079479 0.0214789 -0.0367832 -0.995908 0.218112
1726 0.0804746 -0.0807015 0.0217463 -0.0463741 -0.986366 0.215537
1728 0.0804116 -0.0819122 0.0220106 -0.0557483 -0.976891 0.212987
1730 0.0803372 -0.0831113 0.0222717 -0.0649131 -0.967483 0.210463
1732 0.0802516 -0.0842989 0.0225298 -0.0738756 -0.95814 0.207962
1734 0.080155 -0.0854749 0.0227848 -0.0826424 -0.948862 0.205486
1736 0.0800478 -0.0866396 0.0230367 -0.0912199 -0.939647 0.203032
1738 0.0799301 -0.0877929 0.0232856 -0.0996142 -0.930494 0.200602
1740 0.0798021 -0.088935 0.0235315 -0.107831 -0.921403 0.198193
1742 0.0796641 -0.0900659 0.0237745 -0.115876 -0.912372 0.195807
1744 0.0795163 -0.0911857 0.0240146 -0.123755 -0.903402 0.193442
1746 0.0793589 -0.0922944 0.0242517 -0.131472 -0.894489 0.191097
1748 0.0791921 -0.0933923 0.024486 -0.139033 -0.885634 0.188773
1750 0.079016 -0.0944792 0.0247174 -0.146442 -0.876836 0.186469
1752 0.0788309 -0.0955553 0.024946 -0.153704 -0.868094 0.184184
1754 0.0786369 -0.0966206 0.0251718 -0.160823 -0.859406 0.181918
1756 0.0784342 -0.0976753 0.0253948 -0.167803 -0.850772 0.179671
1758 0.078223 -0.0987194 0.025615 -0.174648 -0.842191 0.177442
1760 0.0780034 -0.0997529 0.0258325 -0.181362 -0.833661 0.175231
1762 0.0777757 -0.100776 0.0260473 -0.187949 -0.825183 0.173038
1764 0.0775399 -0.101789 0.0262593 -0.194412 -0.816754 0.170861
1766 0.0772961 -0.102791 0.0264688 -0.200754 -0.808374 0.168702
1768 0.0770447 -0.103783 0.0266755 -0.206979 -0.800043 0.166558
1770 0.0767856 -0.104764 0.0268796 -0.21309 -0.791759 0.164431
1772 0.0765191 -0.105736 0.0270811 -0.219089 -0.783521 0.162319
1774 0.0762452 -0.106697 0.0272801 -0.224981 -0.775329 0.160223
1776 0.0759641 -0.107648 0.0274764 -0.230766 -0.767181 0.158141
1778 0.075676 -0.10859 0.0276702 -0.236449 -0.759077 0.156075
1780 0.0753809 -0.109521 0.0278614 -0.242032 -0.751016 0.154022
1782 0.075079 -0.110442 0.0280501 -0.247518 -0.742997 0.151984
1784 0.0747703 -0.111354 0.0282363 -0.252907 -0.735019 0.149959
1786 0.0744551 -0.112256 0.0284201 -0.258204 -0.727082 0.147948
1788 0.0741334 -0.113147 0.0286013 -0.263411 -0.719185 0.14595
1790 0.0738054 -0.11403 0.0287801 -0.268528 -0.711326 0.143966
1792 0.073471 -0.114902 0.0289565 -0.273559 -0.703506 0.141993
1794 0.0731306 -0.115765 0.0291304 -0.278506 -0.695723 0.140033
1796 0.072784 -0.116618 0.0293019 -0.28337 -0.687977 0.138085
1798 0.0724316 -0.117462 0.029471 -0.288153 -0.680266 0.13615
1800 0.0720732 -0.118297 0.0296378 -0.292858 -0.672591 0.134225
1802 0.0717092 -0.119121 0.0298021 -0.297485 -0.66495 0.132312
1804 0.0713394 -0.119937 0.0299642 -0.302037 -0.657343 0.13041
1806 0.0709641 -0.120743 0.0301238 -0.306515 -0.649769 0.12852
1808 0.0705833 -0.12154 0.0302812 -0.310921 -0.642227 0.126639
1810 0.0701972 -0.122327 0.0304362 -0.315257 -0.634717 0.124769
1812 0.0698057 -0.123106 0.030589 -0.319523 -0.627239 0.12291
1814 0.069409 -0.123875 0.0307394 -0.323721 -0.61979 0.12106
1816 0.0690071 -0.124634 0.0308876 -0.327854 -0.612371 0.119221
1818 0.0686002 -0.125385 0.0310335 -0.331921 -0.604982 0.11739
1820 0.0681884 -0.126127 0.0311772 -0.335924 -0.597621 0.11557
1822 0.0677716 -0.126859 0.0313186 -0.339865 -0.590287 0.113758
1824 0.06735 -0.127583 0.0314578 -0.343745 -0.582981 0.111956
1826 0.0669237 -0.128298 0.0315948 -0.347565 -0.575702 0.110162
1828 0.0664926 -0.129003 0.0317296 -0.351326 -0.568449 0.108377
1830 0.066057 -0.1297 0.0318622 -0.355029 -0.561221 0.1066
1832 0.0656169 -0.130388 0.0319926 -0.358676 -0.554018 0.104832
1834 0.0651723 -0.131067 0.0321208 -0.362267 -0.54684 0.103071
1836 0.0647232 -0.131737 0.0322468 -0.365803 -0.539685 0.101319
1838 0.0642699 -0.132398 0.0323707 -0.369286 -0.532553 0.0995744
1840 0.0638123 -0.13305 0.0324925 -0.372716 -0.525445 0.0978373
1842 0.0633505 -0.133694 0.0326121 -0.376095 -0.518358 0.0961076
1844 0.0628846 -0.134329 0.0327295 -0.379422 -0.511293 0.0943852
1846 0.0624145 -0.134955 0.0328449 -0.3827 -0.504249 0.0926699
1848 0.0619405 -0.135573 0.0329582 -0.385928 -0.497225 0.0909616
1850 0.0614625 -0.136182 0.0330693 -0.389109 -0.490222 0.08926
1852 0.0609807 -0.136782 0.0331783 -0.392241 -0.483238 0.087565
1854 0.060495 -0.137374 0.0332853 -0.395327 -0.476274 0.0858766
1856 0.0600055 -0.137957 0.0333902 -0.398367 -0.469327 0.0841945
1858 0.0595123 -0.138532 0.033493 -0.401362 -0.462399 0.0825185
1860 0.0590154 -0.139098 0.0335938 -0.404313 -0.455489 0.0808487
1862 0.0585149 -0.139655 0.0336924 -0.407219 -0.448595 0.0791847
1864 0.0580109 -0.140204 0.0337891 -0.410082 -0.441719 0.0775266
1866 0.0575033 -0.140745 0.0338837 -0.412903 -0.434858 0.0758741
1868 0.0569923 -0.141277 0.0339763 -0.415682 -0.428013 0.0742271
1870 0.0564779 -0.141801 0.0340668 -0.41842 -0.421184 0.0725855
1872 0.0559602 -0.142316 0.0341553 -0.421116 -0.414369 0.0709491
1874 0.0554391 -0.142823 0.0342418 -0.423773 -0.407569 0.0693179
1876 0.0549148 -0.143322 0.0343263 -0.426391 -0.400782 0.0676917
1878 0.0543873 -0.143812 0.0344088 -0.428969 -0.394009 0.0660703
1880 0.0538566 -0.144294 0.0344893 -0.431509 -0.387249 0.0644537
1882 0.0533229 -0.144767 0.0345678 -0.43401 -0.380502 0.0628418
1884 0.052786 -0.145232 0.0346443 -0.436475 -0.373767 0.0612344
1886 0.0522462 -0.145689 0.0347189 -0.438902 -0.367044 0.0596313
1888 0.0517033 -0.146138 0.0347914 -0.441293 -0.360332 0.0580326
1890 0.0511576 -0.146578 0.034862 -0.443648 -0.353631 0.056438
1892 0.0506089 -0.14701 0.0349307 -0.445967 -0.34694 0.0548475
1894 0.0500575 -0.147434 0.0349973 -0.448251 -0.340259 0.053261
1896 0.0495032 -0.147849 0.035062 -0.4505 -0.333589 0.0516783
1898 0.0489462 -0.148257 0.0351248 -0.452715 -0.326927 0.0500993
1900 0.0483864 -0.148656 0.0351856 -0.454896 -0.320275 0.0485239
1902 0.047824 -0.149047 0.0352445 -0.457043 -0.313631 0.0469521
1904 0.047259 -0.14943 0.0353015 -0.459157 -0.306995 0.0453836
1906 0.0466914 -0.149804 0.0353565 -0.461238 -0.300366 0.0438185
1908 0.0461212 -0.15017 0.0354095 -0.463287 -0.293745 0.0422566
1910 0.0455485 -0.150529 0.0354607 -0.465303 -0.287131 0.0406977
1912 0.0449734 -0.150879 0.0355099 -0.467287 -0.280524 0.0391419
1914 0.0443958 -0.151221 0.0355573 -0.46924 -0.273923 0.037589
1916 0.0438159 -0.151555 0.0356027 -0.471162 -0.267327 0.0360389
1918 0.0432336 -0.15188 0.0356462 -0.473052 -0.260737 0.0344914
1920 0.0426489 -0.152198 0.0356878 -0.474912 -0.254152 0.0329466
1922 0.042062 -0.152507 0.0357274 -0.476742 -0.247571 0.0314043
1924 0.0414729 -0.152808 0.0357652 -0.478541 -0.240995 0.0298644
1926 0.0408816 -0.153102 0.0358011 -0.48031 -0.234422 0.0283268
1928 0.0402881 -0.153387 0.0358351 -0.48205 -0.227853 0.0267914
1930 0.0396924 -0.153664 0.0358672 -0.48376 -0.221288 0.0252582
1932 0.0390947 -0.153933 0.0358974 -0.485441 -0.214724 0.0237269
1934 0.038495 -0.154193 0.0359257 -0.487094 -0.208164 0.0221977
1936 0.0378932 -0.154446 0.0359522 -0.488717 -0.201605 0.0206702
1938 0.0372894 -0.154691 0.0359767 -0.490311 -0.195048 0.0191446
1940 0.0366837 -0.154927 0.0359994 -0.491878 -0.188492 0.0176206
1942 0.036076 -0.155156 0.0360202 -0.493416 -0.181937 0.0160981
1944 0.0354665 -0.155376 0.0360391 -0.494926 -0.175383 0.0145772
1946 0.0348551 -0.155588 0.0360562 -0.496408 -0.168829 0.0130577
1948 0.0342419 -0.155793 0.0360713 -0.497863 -0.162275 0.0115394
1950 0.033627 -0.155989 0.0360846 -0.499289 -0.15572 0.0100224
1952 0.0330103 -0.156177 0.036096 -0.500689 -0.149164 0.00850649
1954 0.0323919 -0.156357 0.0361056 -0.502061 -0.142606 0.00699164
1956 0.0317718 -0.156528 0.0361133 -0.503406 -0.136048 0.00547774
1958 0.0311501 -0.156692 0.0361191 -0.504724 -0.129487 0.0039647
1960 0.0305267 -0.156848 0.0361231 -0.506015 -0.122923 0.00245244
1962 0.0299018 -0.156995 0.0361252 -0.507279 -0.116357 0.000940876
1964 0.0292754 -0.157135 0.0361254 -0.508517 -0.109788 -0.000570087
1966 0.0286474 -0.157266 0.0361238 -0.509728 -0.103215 -0.00208053
1968 0.028018 -0.15739 0.0361203 -0.510912 -0.0966379 -0.00359055
1970 0.0273871 -0.157505 0.0361149 -0.51207 -0.0900568 -0.00510022
1972 0.0267548 -0.157612 0.0361077 -0.513202 -0.0834711 -0.00660963
1974 0.0261211 -0.157711 0.0360986 -0.514307 -0.0768803 -0.00811887
1976 0.0254861 -0.157801 0.0360877 -0.515386 -0.0702841 -0.00962803
1978 0.0248498 -0.157884 0.0360749 -0.516439 -0.063682 -0.0111372
1980 0.0242121 -0.157958 0.0360602 -0.517465 -0.0570738 -0.0126464
1982 0.0235733 -0.158025 0.0360437 -0.518466 -0.0504591 -0.0141558
1984 0.0229332 -0.158083 0.0360253 -0.51944 -0.0438374 -0.0156655
1986 0.0222919 -0.158133 0.036005 -0.520388 -0.0372083 -0.0171755
1988 0.0216495 -0.158175 0.0359829 -0.52131 -0.0305715 -0.018686
1990 0.0210059 -0.158208 0.0359589 -0.522206 -0.0239266 -0.020197
1992 0.0203613 -0.158234 0.0359331 -0.523075 -0.0172732 -0.0217085
1994 0.0197156 -0.158251 0.0359054 -0.523919 -0.0106109 -0.0232208
1996 0.0190689 -0.15826 0.0358758 -0.524737 -0.00393924 -0.0247339
1998 0.0184212 -0.158261 0.0358443 -0.525528 0.0027421 -0.0262478
2000 0.0177725 -0.158253 0.035811 -0.526293 0.00943355 -0.0277627
2002 0.0171229 -0.158237 0.0357759 -0.527032 0.0161355 -0.0292786
2004 0.0164724 -0.158213 0.0357388 -0.527745 0.0228484 -0.0307956
2006 0.0158211 -0.158181 0.0356999 -0.528431 0.0295727 -0.0323139
2008 0.0151689 -0.15814 0.0356591 -0.529091 0.0363087 -0.0338335
2010 0.0145159 -0.158091 0.0356164 -0.529724 0.0430569 -0.0353545
2012 0.0138621 -0.158034 0.0355719 -0.530331 0.0498177 -0.0368769
2014 0.0132077 -0.157968 0.0355255 -0.530912 0.0565915 -0.038401
2016 0.0125525 -0.157894 0.0354772 -0.531465 0.0633788 -0.0399267
2018 0.0118966 -0.157812 0.035427 -0.531992 0.07018 -0.0414541
2020 0.0112401 -0.157721 0.0353749 -0.532492 0.0769956 -0.0429835
2022 0.0105831 -0.157622 0.0353209 -0.532964 0.0838259 -0.0445147
2024 0.00992542 -0.157515 0.0352651 -0.53341 0.0906715 -0.046048
2026 0.00926724 -0.157399 0.0352073 -0.533828 0.0975327 -0.0475835
2028 0.00860857 -0.157274 0.0351477 -0.534219 0.10441 -0.0491212
2030 0.00794943 -0.157141 0.0350862 -0.534582 0.111304 -0.0506611
2032 0.00728985 -0.156999 0.0350227 -0.534917 0.118215 -0.0522035
2034 0.00662989 -0.156849 0.0349574 -0.535224 0.125144 -0.0537484
2036 0.00596956 -0.156691 0.0348901 -0.535503 0.132091 -0.055296
2038 0.0053089 -0.156523 0.034821 -0.535754 0.139056 -0.0568462
2040 0.00464795 -0.156348 0.0347499 -0.535976 0.14604 -0.0583992
2042 0.00398674 -0.156163 0.0346769 -0.53617 0.153044 -0.0599552
2044 0.00332532 -0.15597 0.034602 -0.536334 0.160068 -0.0615141
2046 0.00266371 -0.155768 0.0345252 -0.53647 0.167112 -0.0630762
2048 0.00200195 -0.155558 0.0344464 -0.536576 0.174177 -0.0646415
2050 0.00134008 -0.155339 0.0343657 -0.536652 0.181264 -0.06621
2052 0.000678129 -0.155111 0.0342831 -0.536698 0.188373 -0.067782
2054 1.61429e-05 -0.154874 0.0341985 -0.536714 0.195505 -0.0693576
2056 -0.000645844 -0.154628 0.034112 -0.536699 0.20266 -0.0709367
2058 -0.00130779 -0.154374 0.0340235 -0.536654 0.209839 -0.0725196
2060 -0.00196967 -0.154111 0.0339331 -0.536577 0.217042 -0.0741064
2062 -0.00263143 -0.153839 0.0338407 -0.536469 0.224269 -0.0756971
2064 -0.00329304 -0.153558 0.0337464 -0.53633 0.231523 -0.0772919
2066 -0.00395445 -0.153267 0.03365 -0.536158 0.238802 -0.0788908
2068 -0.00461564 -0.152968 0.0335517 -0.535953 0.246108 -0.0804941
2070 -0.00527655 -0.15266 0.0334515 -0.535716 0.253441 -0.0821018
2072 -0.00593715 -0.152343 0.0333492 -0.535445 0.260803 -0.083714
2074 -0.00659739 -0.152017 0.033245 -0.535141 0.268192 -0.0853309
2076 -0.00725724 -0.151682 0.0331387 -0.534802 0.275611 -0.0869525
2078 -0.00791664 -0.151337 0.0330305 -0.534429 0.28306 -0.088579
2080 -0.00857557 -0.150983 0.0329202 -0.534021 0.290539 -0.0902106
2082 -0.00923397 -0.15062 0.0328079 -0.533578 0.298049 -0.0918473
2084 -0.00989181 -0.150248 0.0326936 -0.533098 0.305591 -0.0934892
2086 -0.010549 -0.149866 0.0325773 -0.532582 0.313166 -0.0951366
2088 -0.0112056 -0.149476 0.0324589 -0.53203 0.320773 -0.0967895
2090 -0.0118614 -0.149075 0.0323385 -0.531439 0.328415 -0.0984481
2092 -0.0125165 -0.148665 0.0322161 -0.530811 0.336092 -0.100112
2094 -0.0131708 -0.148246 0.0320916 -0.530143 0.343803 -0.101783
2096 -0.0138243 -0.147817 0.031965 -0.529437 0.351551 -0.103459
2098 -0.0144769 -0.147379 0.0318363 -0.52869 0.359337 -0.105142
2100 -0.0151285 -0.146931 0.0317056 -0.527903 0.367159 -0.106831
2102 -0.0157791 -0.146473 0.0315728 -0.527075 0.375021 -0.108526
2104 -0.0164287 -0.146006 0.0314379 -0.526205 0.382921 -0.110228
2106 -0.0170771 -0.145528 0.0313009 -0.525293 0.390862 -0.111937
2108 -0.0177245 -0.145041 0.0311618 -0.524337 0.398844 -0.113653
2110 -0.0183706 -0.144545 0.0310205 -0.523336 0.406869 -0.115376
2112 -0.0190154 -0.144038 0.0308772 -0.522291 0.414935 -0.117106
2114 -0.019659 -0.143521 0.0307316 -0.5212 0.423046 -0.118844
2116 -0.0203011 -0.142994 0.030584 -0.520063 0.431202 -0.120589
2118 -0.0209419 -0.142457 0.0304342 -0.518878 0.439403 -0.122342
2120 -0.0215811 -0.14191 0.0302822 -0.517645 0.44765 -0.124103
2122 -0.0222188 -0.141353 0.030128 -0.516362 0.455946 -0.125872
2124 -0.0228548 -0.140785 0.0299717 -0.515029 0.46429 -0.12765
2126 -0.0234892 -0.140208 0.0298131 -0.513645 0.472683 -0.129436
2128 -0.0241219 -0.139619 0.0296524 -0.512208 0.481128 -0.13123
2130 -0.0247528 -0.139021 0.0294894 -0.510717 0.489624 -0.133033
2132 -0.0253817 -0.138412 0.0293242 -0.509172 0.498173 -0.134846
2134 -0.0260088 -0.137792 0.0291567 -0.507572 0.506776 -0.136667
2136 -0.0266338 -0.137161 0.0289871 -0.505914 0.515434 -0.138498
2138 -0.0272568 -0.13652 0.0288151 -0.504198 0.524149 -0.140339
2140 -0.0278776 -0.135868 0.0286409 -0.502422 0.532921 -0.142189
2142 -0.0284961 -0.135206 0.0284643 -0.500586 0.541753 -0.14405
2144 -0.0291124 -0.134532 0.0282855 -0.498687 0.550644 -0.14592
2146 -0.0297263 -0.133847 0.0281044 -0.496724 0.559597 -0.147801
2148 -0.0303377 -0.133152 0.0279209 -0.494696 0.568612 -0.149693
2150 -0.0309466 -0.132445 0.0277351 -0.4926 0.577692 -0.151596
2152 -0.0315528 -0.131726 0.0275469 -0.490437 0.586837 -0.15351
2154 -0.0321564 -0.130997 0.0273564 -0.488203 0.59605 -0.155435
2156 -0.0327571 -0.130256 0.0271635 -0.485897 0.60533 -0.157372
2158 -0.033355 -0.129504 0.0269682 -0.483517 0.614681 -0.15932
2160 -0.0339499 -0.12874 0.0267705 -0.481061 0.624103 -0.161281
2162 -0.0345416 -0.127964 0.0265703 -0.478528 0.633598 -0.163254
2164 -0.0351303 -0.127177 0.0263677 -0.475914 0.643169 -0.16524
2166 -0.0357156 -0.126377 0.0261627 -0.473219 0.652815 -0.167238
2168 -0.0362976 -0.125566 0.0259552 -0.470439 0.66254 -0.16925
2170 -0.0368761 -0.124743 0.0257452 -0.467573 0.672344 -0.171275
2172 -0.037451 -0.123908 0.0255327 -0.464617 0.682231 -0.173314
2174 -0.0380222 -0.12306 0.0253176 -0.461571 0.692201 -0.175366
2176 -0.0385896 -0.1222 0.0251001 -0.458429 0.702256 -0.177433
2178 -0.039153 -0.121328 0.0248799 -0.455191 0.712399 -0.179515
2180 -0.0397124 -0.120443 0.0246572 -0.451853 0.722631 -0.181612
2182 -0.0402676 -0.119545 0.0244319 -0.448413 0.732955 -0.183723
2184 -0.0408185 -0.118635 0.024204 -0.444866 0.743373 -0.185851
2186 -0.041365 -0.117711 0.0239735 -0.44121 0.753886 -0.187994
2188 -0.0419069 -0.116775 0.0237403 -0.437441 0.764498 -0.190153
2190 -0.042444 -0.115825 0.0235044 -0.433557 0.77521 -0.192329
2192 -0.0429763 -0.114862 0.0232658 -0.429552 0.786025 -0.194522
2194 -0.0435036 -0.113886 0.0230245 -0.425423 0.796946 -0.196731
2196 -0.0440257 -0.112896 0.0227805 -0.421167 0.807974 -0.198959
2198 -0.0445425 -0.111893 0.0225337 -0.416778 0.819113 -0.201204
2200 -0.0450538 -0.110876 0.0222841 -0.412252 0.830364 -0.203468
2202 -0.0455594 -0.109845 0.0220318 -0.407585 0.841732 -0.20575
2204 -0.0460592 -0.108799 0.0217766 -0.402772 0.853218 -0.208052
2206 -0.0465529 -0.10774 0.0215185 -0.397807 0.864826 -0.210373
2208 -0.0470404 -0.106666 0.0212576 -0.392685 0.876559 -0.212713
2210 -0.0475215 -0.105577 0.0209938 -0.387401 0.888419 -0.215074
2212 -0.047996 -0.104474 0.0207271 -0.381948 0.90041 -0.217456
2214 -0.0484637 -0.103356 0.0204574 -0.37632 0.912536 -0.219859
2216 -0.0489243 -0.102223 0.0201847 -0.370511 0.924799 -0.222283
2218 -0.0493776 -0.101075 0.019909 -0.364513 0.937203 -0.224729
2220 -0.0498234 -0.0999111 0.0196303 -0.358319 0.949751 -0.227198
2222 -0.0502614 -0.0987319 0.0193486 -0.351922 0.962448 -0.229689
2224 -0.0506914 -0.0975369 0.0190637 -0.345313 0.975296 -0.232204
2226 -0.0511131 -0.0963259 0.0187757 -0.338483 0.988301 -0.234742
2228 -0.0515263 -0.0950988 0.0184846 -0.331424 1.00147 -0.237305
2230 -0.0519306 -0.0938554 0.0181903 -0.324126 1.01479 -0.239892
2232 -0.0523258 -0.0925954 0.0178928 -0.316579 1.02829 -0.242504
2234 -0.0527115 -0.0913187 0.0175921 -0.308772 1.04196 -0.245141
2236 -0.0530874 -0.090025 0.0172881 -0.300694 1.05581 -0.247804
2238 -0.0534531 -0.0887141 0.0169808 -0.292332 1.06983 -0.250494
2240 -0.0538084 -0.0873858 0.0166702 -0.283674 1.08405 -0.25321
2242 -0.0541528 -0.0860399 0.0163562 -0.274706 1.09845 -0.255953
2244 -0.0544859 -0.0846761 0.0160388 -0.265414 1.11305 -0.258724
2246 -0.0548073 -0.0832941 0.0157179 -0.255782 1.12785 -0.261522
2248 -0.0551167 -0.0818937 0.0153936 -0.245795 1.14286 -0.264348
2250 -0.0554135 -0.0804747 0.0150658 -0.235435 1.15808 -0.267203
2252 -0.0556973 -0.0790369 0.0147345 -0.224683 1.17352 -0.270087
2254 -0.0559676 -0.0775798 0.0143995 -0.213519 1.18917 -0.272999
2256 -0.0562239 -0.0761033 0.014061 -0.201923 1.20506 -0.275941
2258 -0.0564655 -0.074607 0.0137188 -0.189871 1.22117 -0.278911
2260 -0.0566921 -0.0730907 0.013373 -0.177341 1.23753 -0.281911
2262 -0.0569028 -0.0715541 0.0130234 -0.164305 1.25412 -0.28494
2264 -0.0570971 -0.0699969 0.0126701 -0.150737 1.27097 -0.287998
2266 -0.0572744 -0.0684188 0.0123129 -0.136606 1.28807 -0.291084
2268 -0.0574339 -0.0668194 0.011952 -0.12188 1.30543 -0.294199
2270 -0.0575748 -0.0651984 0.0115872 -0.106526 1.32305 -0.297341
2272 -0.0576964 -0.0635555 0.0112185 -0.0905063 1.34094 -0.30051
2274 -0.0577978 -0.0618904 0.0108459 -0.0737807 1.35911 -0.303705
2276 -0.0578781 -0.0602027 0.0104693 -0.0563064 1.37755 -0.306924
2278 -0.0579364 -0.0584921 0.0100887 -0.0380369 1.39627 -0.310167
2280 -0.0579716 -0.0567582 0.00970414 -0.018922 1.41528 -0.313431
2282 -0.0579827 -0.0550007 0.00931553 0.0010929 1.43457 -0.316713
2284 -0.0579685 -0.0532192 0.00892286 0.0220668 1.45414 -0.320012
2286 -0.0579278 -0.0514135 0.00852611 0.0440639 1.474 -0.323323
2288 -0.0578593 -0.049583 0.00812527 0.0671539 1.49413 -0.326643
2290 -0.0577617 -0.0477276 0.00772033 0.0914126 1.51455 -0.329967
2292 -0.0576333 -0.0458468 0.00731129 0.116923 1.53523 -0.333289
2294 -0.0574727 -0.0439403 0.00689816 0.143775 1.55617 -0.336603
2296 -0.0572781 -0.0420078 0.00648096 0.172066 1.57736 -0.339901
2298 -0.0570476 -0.0400491 0.0060597 0.201906 1.59877 -0.343173
2300 -0.0567793 -0.0380639 0.00563442 0.233412 1.62039 -0.346408
2302 -0.0564711 -0.0360518 0.00520518 0.266712 1.64217 -0.349595
2304 -0.0561206 -0.0340128 0.00477206 0.30195 1.6641 -0.352716
2306 -0.0557254 -0.0319467 0.00433513 0.339279 1.6861 -0.355754
2308 -0.0552827 -0.0298535 0.00389451 0.37887 1.70814 -0.358687
2310 -0.0547897 -0.0277331 0.00345036 0.420911 1.73012 -0.361491
2312 -0.0542433 -0.0255856 0.00300284 0.465608 1.75197 -0.364134
2314 -0.05364 -0.0234113 0.00255218 0.513184 1.77357 -0.366582
2316 -0.0529761 -0.0212107 0.00209864 0.563889 1.79478 -0.368791
2318 -0.0522476 -0.0189841 0.00164255 0.61799 1.81543 -0.370712
2320 -0.0514501 -0.0167326 0.0011843 0.675783 1.83532 -0.372284
2322 -0.0505789 -0.0144571 0.00072436 0.737585 1.8542 -0.373436
2324 -0.0496288 -0.0121591 0.000263301 0.803743 1.87175 -0.374084
2326 -0.0485942 -0.00984052 -0.000198194 0.874621 1.8876 -0.374126
2328 -0.0474691 -0.00750362 -0.000659307 0.950609 1.9013 -0.373442
2330 -0.046247 -0.00515145 -0.00111906 1.03211 1.91227 -0.371888
2332 -0.0449207 -0.00278776 -0.00157627 1.11952 1.91985 -0.369296
2334 -0.0434827 -0.000417234 -0.00202954 1.21324 1.9232 -0.365464
2336 -0.0419251 0.00195433 -0.0024772 1.31362 1.92135 -0.360157
2338 -0.0402394 0.00431979 -0.00291727 1.42094 1.9131 -0.353098
2340 -0.0384169 0.00667042 -0.00334739 1.53534 1.89704 -0.343972
2342 -0.036449 0.0089956 -0.00376479 1.65677 1.87155 -0.332417
2344 -0.0343272 0.0112826 -0.00416625 1.7849 1.83474 -0.318038
2346 -0.0320435 0.0135161 -0.004548 1.91897 1.78453 -0.30041
2348 -0.0295915 0.0156783 -0.00490579 2.0577 1.71869 -0.279103
2350 -0.0269664 0.0177485 -0.00523483 2.19908 1.63498 -0.253718
2352 -0.0241667 0.0197033 -0.00552987 2.34034 1.53134 -0.223942
2354 -0.0211947 0.0215172 -0.00578538 2.47779 1.40623 -0.189611
2356 -0.0180578 0.0231631 -0.00599576 2.60695 1.25899 -0.150795
2358 -0.0147693 0.024614 -0.00615567 2.72278 1.09018 -0.107869
2360 -0.0113488 0.0258444 -0.00626045 2.82009 0.901963 -0.0615605
2362 -0.00782216 0.0268326 -0.00630657 2.89419 0.698166 -0.0129444
2364 -0.00422033 0.0275625 -0.00629199 2.94157 0.484097 0.0366357
2366 -0.000577567 0.0280251 -0.00621641 2.96042 0.266029 0.0857072
2368 0.00307086 0.0282197 -0.00608136 2.95094 0.0504612 0.132844
2370 0.00669109 0.0281531 -0.00589001 2.91519 -0.156655 0.176833
2372 0.0102528 0.0278388 -0.00564681 2.85667 -0.350521 0.216785
2374 0.0137304 0.0272953 -0.00535711 2.7797 -0.527809 0.252177
2376 0.0171041 0.0265443 -0.00502668 2.68888 -0.686694 0.282829
2378 0.0203595 0.0256091 -0.00466133 2.58852 -0.82665 0.308835
2380 0.0234872 0.0245127 -0.00426663 2.4824 -0.948148 0.330486
2382 0.0264821 0.0232773 -0.00384771 2.37364 -1.05233 0.348182
2384 0.0293425 0.0219233 -0.00340916 2.26465 -1.14071 0.36238
2386 0.0320693 0.0204692 -0.00295502 2.15721 -1.21498 0.373538
2388 0.0346652 0.0189312 -0.00248877 2.05258 -1.27684 0.382092
2390 0.0371342 0.0173238 -0.00201337 1.9516 -1.3279 0.38844
2392 0.0394812 0.0156593 -0.00153132 1.85478 -1.36965 0.392932
2394 0.0417114 0.0139484 -0.00104471 1.76238 -1.40339 0.395875
2396 0.0438305 0.0122002 -0.00055529 1.6745 -1.43029 0.397528
2398 0.045844 0.0104225 -6.45125e-05 1.59111 -1.45137 0.398112
2400 0.0477573 0.00862198 0.000426424 1.51209 -1.46747 0.397813
2402 0.0495758 0.00680425 0.000916528 1.43728 -1.47936 0.396786
2404 0.0513045 0.00497413 0.00140498 1.36648 -1.48764 0.395162
2406 0.0529482 0.00313573 0.00189113 1.29948 -1.49287 0.393047
2408 0.0545116 0.00129253 0.0023744 1.23607 -1.4955 0.390534
2410 0.0559988 -0.000552517 0.00285437 1.17601 -1.49592 0.387695
2412 0.0574139 -0.00239688 0.00333068 1.1191 -1.49445 0.384594
2414 0.0587607 -0.00423842 0.00380302 1.06514 -1.49138 0.381283
2416 0.0600426 -0.00607531 0.00427117 1.01394 -1.48694 0.377805
2418 0.0612629 -0.00790598 0.00473495 0.965296 -1.48134 0.374196
2420 0.0624248 -0.00972913 0.00519421 0.919055 -1.47476 0.370485
2422 0.063531 -0.0115436 0.00564884 0.875055 -1.46733 0.366699
2424 0.0645843 -0.0133485 0.00609877 0.833147 -1.4592 0.362857
2426 0.065587 -0.015143 0.00654394 0.793194 -1.45046 0.358978
2428 0.0665417 -0.0169263 0.0069843 0.75507 -1.44121 0.355076
2430 0.0674504 -0.018698 0.00741984 0.718657 -1.43153 0.351162
2432 0.0683152 -0.0204575 0.00785056 0.683846 -1.42149 0.347247
2434 0.0691379 -0.0222045 0.00827645 0.650537 -1.41116 0.34334
2436 0.0699205 -0.0239385 0.00869753 0.618638 -1.40058 0.339447
2438 0.0706646 -0.0256594 0.00911382 0.588062 -1.38979 0.335574
2440 0.0713717 -0.0273669 0.00952535 0.55873 -1.37885 0.331725
2442 0.0720433 -0.0290607 0.00993214 0.530568 -1.36777 0.327905
2444 0.0726809 -0.0307409 0.0103342 0.503509 -1.35659 0.324116
2446 0.0732858 -0.0324072 0.0107317 0.477488 -1.34533 0.320361
2448 0.0738592 -0.0340596 0.0111245 0.452448 -1.33402 0.316642
2450 0.0744023 -0.035698 0.0115128 0.428334 -1.32268 0.312961
2452 0.0749162 -0.0373224 0.0118966 0.405095 -1.31132 0.309318
2454 0.075402 -0.0389328 0.0122759 0.382685 -1.29995 0.305715
2456 0.0758606 -0.0405292 0.0126507 0.361059 -1.28859 0.302151
2458 0.076293 -0.0421115 0.0130212 0.340176 -1.27725 0.298628
2460 0.0767 -0.04368 0.0133874 0.319999 -1.26594 0.295145
2462 0.0770826 -0.0452344 0.0137493 0.300492 -1.25466 0.291703
2464 0.0774415 -0.046775 0.014107 0.281621 -1.24342 0.288302
2466 0.0777776 -0.0483018 0.0144605 0.263355 -1.23224 0.28494
2468 0.0780914 -0.0498148 0.0148099 0.245666 -1.2211 0.281618
2470 0.0783838 -0.051314 0.0151553 0.228526 -1.21003 0.278336
2472 0.0786554 -0.0527997 0.0154966 0.211909 -1.19901 0.275093
2474 0.0789068 -0.0542718 0.0158339 0.195791 -1.18806 0.271888
2476 0.0791386 -0.0557305 0.0161673 0.18015 -1.17717 0.268721
2478 0.0793514 -0.0571757 0.0164968 0.164964 -1.16635 0.265592
2480 0.0795457 -0.0586077 0.0168225 0.150214 -1.15561 0.262499
2482 0.0797221 -0.0600265 0.0171444 0.13588 -1.14493 0.259442
2484 0.079881 -0.0614321 0.0174625 0.121946 -1.13433 0.256421
2486 0.0800231 -0.0628247 0.0177769 0.108393 -1.1238 0.253434
2488 0.0801486 -0.0642044 0.0180877 0.0952063 -1.11334 0.250482
2490 0.0802581 -0.0655712 0.0183948 0.0823711 -1.10295 0.247563
2492 0.0803519 -0.0669252 0.0186984 0.069873 -1.09264 0.244676
2494 0.0804306 -0.0682666 0.0189984 0.0576987 -1.08241 0.241822
2496 0.0804944 -0.0695953 0.0192949 0.0458355 -1.07225 0.238999
2498 0.0805437 -0.0709116 0.019588 0.0342714 -1.06216 0.236207
2500 0.080579 -0.0722155 0.0198776 0.022995 -1.05214 0.233445
2502 0.0806006 -0.0735071 0.0201639 0.0119955 -1.0422 0.230713
2504 0.0806087 -0.0747865 0.0204468 0.00126273 -1.03232 0.228009
2506 0.0806038 -0.0760537 0.0207264 -0.00921315 -1.02252 0.225333
2508 0.0805861 -0.0773089 0.0210027 -0.0194414 -1.01279 0.222686
2510 0.0805559 -0.0785521 0.0212757 -0.0294308 -1.00313 0.220065
2512 0.0805136 -0.0797835 0.0215455 -0.0391897 -0.993536 0.21747
2514 0.0804594 -0.0810031 0.0218122 -0.0487261 -0.984011 0.214902
2516 0.0803935 -0.0822109 0.0220757 -0.0580477 -0.974552 0.212359
2518 0.0803163 -0.0834072 0.022336 -0.0671617 -0.96516 0.20984
2520 0.0802279 -0.0845918 0.0225933 -0.0760751 -0.955833 0.207346
2522 0.0801287 -0.0857651 0.0228475 -0.0847943 -0.946571 0.204875
2524 0.0800188 -0.0869269 0.0230987 -0.0933258 -0.937371 0.202427
2526 0.0798985 -0.0880774 0.0233469 -0.101676 -0.928234 0.200002
2528 0.0797681 -0.0892167 0.0235921 -0.109849 -0.919158 0.197599
2530 0.0796276 -0.0903449 0.0238343 -0.117853 -0.910142 0.195218
2532 0.0794774 -0.0914619 0.0240737 -0.125691 -0.901186 0.192858
2534 0.0793176 -0.092568 0.0243101 -0.133369 -0.892288 0.190518
2536 0.0791485 -0.0936631 0.0245437 -0.140892 -0.883447 0.188199
2538 0.0789701 -0.0947473 0.0247744 -0.148264 -0.874663 0.1859
2540 0.0787828 -0.0958207 0.0250023 -0.15549 -0.865934 0.18362
2542 0.0785866 -0.0968834 0.0252273 -0.162574 -0.857259 0.181359
2544 0.0783818 -0.0979355 0.0254496 -0.16952 -0.848638 0.179116
2546 0.0781685 -0.0989769 0.0256692 -0.176332 -0.84007 0.176892
2548 0.0779469 -0.100008 0.025886 -0.183015 -0.831553 0.174685
2550 0.0777171 -0.101028 0.0261001 -0.18957 -0.823087 0.172496
2552 0.0774793 -0.102038 0.0263115 -0.196003 -0.81467 0.170324
2554 0.0772336 -0.103038 0.0265203 -0.202315 -0.806303 0.168168
2556 0.0769802 -0.104027 0.0267264 -0.208512 -0.797983 0.166029
2558 0.0767193 -0.105006 0.0269299 -0.214595 -0.78971 0.163905
2560 0.0764509 -0.105975 0.0271307 -0.220567 -0.781484 0.161797
2562 0.0761752 -0.106934 0.027329 -0.226432 -0.773302 0.159704
2564 0.0758924 -0.107883 0.0275247 -0.232192 -0.765166 0.157627
2566 0.0756025 -0.108822 0.0277178 -0.23785 -0.757072 0.155564
2568 0.0753057 -0.109751 0.0279085 -0.243409 -0.749022 0.153515
2570 0.0750021 -0.11067 0.0280965 -0.24887 -0.741013 0.15148
2572 0.0746918 -0.111579 0.0282821 -0.254236 -0.733045 0.149459
2574 0.074375 -0.112478 0.0284652 -0.259511 -0.725118 0.147451
2576 0.0740517 -0.113367 0.0286459 -0.264695 -0.71723 0.145456
2578 0.0737221 -0.114247 0.0288241 -0.26979 -0.709381 0.143474
2580 0.0733862 -0.115117 0.0289998 -0.2748 -0.70157 0.141505
2582 0.0730442 -0.115978 0.0291731 -0.279726 -0.693796 0.139548
2584 0.0726962 -0.116829 0.0293441 -0.28457 -0.686059 0.137603
2586 0.0723422 -0.11767 0.0295126 -0.289334 -0.678357 0.13567
2588 0.0719825 -0.118502 0.0296787 -0.294019 -0.67069 0.133749
2590 0.071617 -0.119325 0.0298425 -0.298627 -0.663058 0.131839
2592 0.0712458 -0.120138 0.030004 -0.303161 -0.655459 0.12994
2594 0.0708692 -0.120942 0.0301631 -0.307621 -0.647893 0.128051
2596 0.070487 -0.121736 0.0303199 -0.312009 -0.640359 0.126174
2598 0.0700995 -0.122521 0.0304743 -0.316327 -0.632857 0.124306
2600 0.0697067 -0.123297 0.0306265 -0.320577 -0.625386 0.122449
2602 0.0693087 -0.124064 0.0307764 -0.324759 -0.617945 0.120602
2604 0.0689056 -0.124822 0.030924 -0.328874 -0.610533 0.118765
2606 0.0684975 -0.12557 0.0310694 -0.332926 -0.603151 0.116937
2608 0.0680844 -0.12631 0.0312125 -0.336914 -0.595796 0.115119
2610 0.0676664 -0.12704 0.0313534 -0.340839 -0.58847 0.113309
2612 0.0672436 -0.127761 0.031492 -0.344704 -0.581171 0.111509
2614 0.0668161 -0.128474 0.0316284 -0.348509 -0.573898 0.109717
2616 0.0663839 -0.129177 0.0317627 -0.352256 -0.566651 0.107934
2618 0.0659472 -0.129871 0.0318947 -0.355945 -0.559429 0.10616
2620 0.0655059 -0.130557 0.0320245 -0.359578 -0.552232 0.104393
2622 0.0650602 -0.131234 0.0321522 -0.363155 -0.54506 0.102635
2624 0.0646101 -0.131902 0.0322777 -0.366678 -0.537911 0.100885
2626 0.0641556 -0.132561 0.0324011 -0.370148 -0.530785 0.0991418
2628 0.063697 -0.133211 0.0325223 -0.373565 -0.523681 0.0974065
2630 0.0632341 -0.133852 0.0326414 -0.37693 -0.5166 0.0956787
2632 0.0627672 -0.134485 0.0327583 -0.380246 -0.50954 0.0939581
2634 0.0622962 -0.135109 0.0328732 -0.383511 -0.502501 0.0922445
2636 0.0618211 -0.135725 0.0329859 -0.386727 -0.495483 0.0905378
2638 0.0613422 -0.136332 0.0330965 -0.389896 -0.488484 0.0888379
2640 0.0608594 -0.13693 0.033205 -0.393017 -0.481505 0.0871445
2642 0.0603727 -0.13752 0.0333115 -0.396091 -0.474545 0.0854576
2644 0.0598823 -0.138101 0.0334158 -0.39912 -0.467603 0.0837771
2646 0.0593882 -0.138673 0.0335181 -0.402104 -0.46068 0.0821027
2648 0.0588904 -0.139237 0.0336184 -0.405043 -0.453773 0.0804343
2650 0.058389 -0.139792 0.0337166 -0.407939 -0.446884 0.0787718
2652 0.0578841 -0.140339 0.0338127 -0.410791 -0.440011 0.077115
2654 0.0573757 -0.140878 0.0339068 -0.413601 -0.433155 0.0754639
2656 0.0568638 -0.141408 0.0339989 -0.41637 -0.426314 0.0738182
2658 0.0563486 -0.14193 0.0340889 -0.419097 -0.419488 0.0721779
2660 0.05583 -0.142443 0.0341769 -0.421784 -0.412677 0.0705428
2662 0.0553081 -0.142948 0.0342629 -0.424431 -0.40588 0.0689128
2664 0.054783 -0.143444 0.0343469 -0.427039 -0.399097 0.0672878
2666 0.0542547 -0.143932 0.0344289 -0.429607 -0.392327 0.0656677
2668 0.0537232 -0.144412 0.0345089 -0.432138 -0.38557 0.0640522
2670 0.0531887 -0.144883 0.0345869 -0.43463 -0.378826 0.0624414
2672 0.0526511 -0.145346 0.0346629 -0.437085 -0.372094 0.0608351
2674 0.0521105 -0.145801 0.034737 -0.439503 -0.365373 0.0592331
2676 0.0515669 -0.146248 0.0348091 -0.441885 -0.358664 0.0576354
2678 0.0510204 -0.146686 0.0348792 -0.444231 -0.351965 0.0560419
2680 0.0504711 -0.147116 0.0349473 -0.446541 -0.345277 0.0544523
2682 0.0499189 -0.147538 0.0350135 -0.448817 -0.338599 0.0528667
2684 0.049364 -0.147951 0.0350777 -0.451057 -0.331931 0.0512849
2686 0.0488062 -0.148356 0.03514 -0.453264 -0.325271 0.0497068
2688 0.0482458 -0.148754 0.0352003 -0.455436 -0.318621 0.0481324
2690 0.0476828 -0.149142 0.0352587 -0.457575 -0.311979 0.0465614
2692 0.0471171 -0.149523 0.0353152 -0.459681 -0.305345 0.0449937
2694 0.0465488 -0.149896 0.0353697 -0.461754 -0.298718 0.0434294
2696 0.045978 -0.15026 0.0354223 -0.463794 -0.292099 0.0418682
2698 0.0454047 -0.150616 0.035473 -0.465802 -0.285486 0.0403101
2700 0.044829 -0.150964 0.0355218 -0.467779 -0.27888 0.038755
2702 0.0442508 -0.151304 0.0355686 -0.469724 -0.27228 0.0372028
2704 0.0436703 -0.151636 0.0356135 -0.471638 -0.265686 0.0356533
2706 0.0430874 -0.15196 0.0356566 -0.473521 -0.259097 0.0341066
2708 0.0425022 -0.152275 0.0356977 -0.475373 -0.252513 0.0325623
2710 0.0419147 -0.152582 0.0357369 -0.477195 -0.245934 0.0310206
2712 0.041325 -0.152882 0.0357742 -0.478987 -0.239358 0.0294813
2714 0.0407332 -0.153173 0.0358096 -0.480749 -0.232787 0.0279442
2716 0.0401391 -0.153456 0.0358431 -0.482481 -0.226219 0.0264094
2718 0.039543 -0.153731 0.0358748 -0.484184 -0.219653 0.0248767
2720 0.0389447 -0.153998 0.0359045 -0.485858 -0.213091 0.0233459
2722 0.0383444 -0.154257 0.0359324 -0.487503 -0.206531 0.0218171
2724 0.0377422 -0.154507 0.0359583 -0.489119 -0.199972 0.0202901
2726 0.0371379 -0.15475 0.0359824 -0.490706 -0.193416 0.0187649
2728 0.0365317 -0.154984 0.0360046 -0.492266 -0.18686 0.0172412
2730 0.0359236 -0.155211 0.0360249 -0.493797 -0.180305 0.0157192
2732 0.0353136 -0.155429 0.0360434 -0.4953 -0.173751 0.0141986
2734 0.0347017 -0.15564 0.03606 -0.496775 -0.167197 0.0126794
2736 0.0340881 -0.155842 0.0360747 -0.498223 -0.160642 0.0111614
2738 0.0334727 -0.156036 0.0360875 -0.499643 -0.154087 0.00964467
2740 0.0328556 -0.156222 0.0360985 -0.501035 -0.147531 0.00812903
2742 0.0322368 -0.1564 0.0361076 -0.502401 -0.140973 0.00661441
2744 0.0316163 -0.15657 0.0361148 -0.503739 -0.134414 0.00510072
2746 0.0309941 -0.156731 0.0361201 -0.50505 -0.127852 0.00358787
2748 0.0303704 -0.156885 0.0361236 -0.506335 -0.121288 0.00207578
2750 0.0297451 -0.157031 0.0361253 -0.507592 -0.114721 0.000564365
2752 0.0291183 -0.157168 0.036125 -0.508823 -0.108151 -0.000946472
2754 0.0284899 -0.157297 0.0361229 -0.510027 -0.101577 -0.00245681
2756 0.0278601 -0.157419 0.036119 -0.511205 -0.0949989 -0.00396675
2758 0.0272289 -0.157532 0.0361131 -0.512356 -0.0884166 -0.00547635
2760 0.0265962 -0.157637 0.0361055 -0.513481 -0.0818296 -0.00698573
2762 0.0259622 -0.157733 0.0360959 -0.51458 -0.0752374 -0.00849495
2764 0.0253269 -0.157822 0.0360845 -0.515652 -0.0686398 -0.0100041
2766 0.0246902 -0.157903 0.0360712 -0.516699 -0.0620362 -0.0115133
2768 0.0240523 -0.157975 0.0360561 -0.517718 -0.0554263 -0.0130226
2770 0.0234131 -0.15804 0.0360391 -0.518712 -0.0488098 -0.0145321
2772 0.0227727 -0.158096 0.0360203 -0.51968 -0.0421862 -0.0160418
2774 0.0221311 -0.158144 0.0359995 -0.520622 -0.0355552 -0.017552
2776 0.0214884 -0.158183 0.035977 -0.521537 -0.0289164 -0.0190625
2778 0.0208446 -0.158215 0.0359525 -0.522426 -0.0222694 -0.0205737
2780 0.0201997 -0.158238 0.0359262 -0.52329 -0.0156137 -0.0220854
2782 0.0195537 -0.158253 0.035898 -0.524127 -0.00894909 -0.0235979
2784 0.0189068 -0.15826 0.035868 -0.524938 -0.00227503 -0.0251112
2786 0.0182588 -0.158259 0.0358361 -0.525722 0.00440884 -0.0266253
2788 0.0176099 -0.158249 0.0358023 -0.526481 0.0111029 -0.0281405
2790 0.0169601 -0.158232 0.0357667 -0.527213 0.0178076 -0.0296567
2792 0.0163094 -0.158206 0.0357292 -0.52792 0.0245234 -0.031174
2794 0.0156578 -0.158171 0.0356898 -0.528599 0.0312506 -0.0326926
2796 0.0150054 -0.158128 0.0356485 -0.529253 0.0379896 -0.0342125
2798 0.0143522 -0.158077 0.0356054 -0.529879 0.044741 -0.0357339
2800 0.0136983 -0.158018 0.0355604 -0.53048 0.051505 -0.0372567
2802 0.0130436 -0.15795 0.0355135 -0.531053 0.0582822 -0.0387812
2804 0.0123883 -0.157874 0.0354647 -0.5316 0.065073 -0.0403073
2806 0.0117323 -0.15779 0.035414 -0.53212 0.0718778 -0.0418353
2808 0.0110756 -0.157697 0.0353615 -0.532613 0.078697 -0.0433651
2810 0.0104184 -0.157596 0.0353071 -0.533079 0.0855311 -0.0448969
2812 0.00976064 -0.157486 0.0352507 -0.533517 0.0923806 -0.0464307
2814 0.00910233 -0.157368 0.0351925 -0.533929 0.0992459 -0.0479667
2816 0.00844353 -0.157241 0.0351324 -0.534313 0.106127 -0.0495049
2818 0.00778428 -0.157106 0.0350704 -0.534669 0.113026 -0.0510455
2820 0.00712461 -0.156962 0.0350065 -0.534997 0.119941 -0.0525886
2822 0.00646454 -0.15681 0.0349407 -0.535297 0.126874 -0.0541341
2824 0.00580413 -0.156649 0.0348729 -0.535569 0.133826 -0.0556823
2826 0.00514339 -0.15648 0.0348033 -0.535813 0.140796 -0.0572332
2828 0.00448238 -0.156302 0.0347318 -0.536028 0.147785 -0.058787
2830 0.00382111 -0.156115 0.0346583 -0.536214 0.154794 -0.0603437
2832 0.00315964 -0.15592 0.0345829 -0.536372 0.161822 -0.0619034
2834 0.00249798 -0.155716 0.0345056 -0.536499 0.168872 -0.0634663
2836 0.00183619 -0.155504 0.0344263 -0.536598 0.175943 -0.0650324
2838 0.0011743 -0.155282 0.0343452 -0.536667 0.183035 -0.0666018
2840 0.000512336 -0.155052 0.034262 -0.536705 0.19015 -0.0681747
2842 -0.000149654 -0.154813 0.034177 -0.536714 0.197287 -0.0697511
2844 -0.000811636 -0.154565 0.03409 -0.536691 0.204448 -0.0713312
2846 -0.00147357 -0.154309 0.034001 -0.536638 0.211633 -0.0729151
2848 -0.00213542 -0.154043 0.0339101 -0.536554 0.218842 -0.0745028
2850 -0.00279715 -0.153769 0.0338172 -0.536438 0.226076 -0.0760945
2852 -0.00345871 -0.153486 0.0337224 -0.53629 0.233336 -0.0776903
2854 -0.00412007 -0.153193 0.0336256 -0.53611 0.240622 -0.0792904
2856 -0.00478119 -0.152892 0.0335268 -0.535897 0.247935 -0.0808947
2858 -0.00544203 -0.152582 0.033426 -0.535652 0.255275 -0.0825035
2860 -0.00610254 -0.152262 0.0333233 -0.535373 0.262643 -0.0841169
2862 -0.00676269 -0.151934 0.0332185 -0.53506 0.27004 -0.085735
2864 -0.00742244 -0.151596 0.0331118 -0.534713 0.277466 -0.0873578
2866 -0.00808173 -0.151249 0.033003 -0.534331 0.284923 -0.0889856
2868 -0.00874053 -0.150893 0.0328923 -0.533914 0.292409 -0.0906184
2870 -0.00939879 -0.150528 0.0327795 -0.533462 0.299928 -0.0922564
2872 -0.0100565 -0.150153 0.0326647 -0.532973 0.307478 -0.0938997
2874 -0.0107135 -0.149769 0.0325478 -0.532448 0.315061 -0.0955485
2876 -0.0113699 -0.149376 0.032429 -0.531886 0.322677 -0.0972028
2878 -0.0120256 -0.148973 0.032308 -0.531286 0.330327 -0.0988628
2880 -0.0126805 -0.148561 0.0321851 -0.530648 0.338012 -0.100529
2882 -0.0133346 -0.14814 0.0320601 -0.529971 0.345733 -0.1022
2884 -0.0139878 -0.147708 0.031933 -0.529254 0.35349 -0.103878
2886 -0.0146402 -0.147268 0.0318038 -0.528498 0.361285 -0.105563
2888 -0.0152915 -0.146817 0.0316726 -0.5277 0.369117 -0.107253
2890 -0.0159419 -0.146357 0.0315392 -0.526862 0.376988 -0.10895
2892 -0.0165912 -0.145887 0.0314038 -0.525981 0.384899 -0.110654
2894 -0.0172394 -0.145408 0.0312663 -0.525058 0.39285 -0.112365
2896 -0.0178864 -0.144918 0.0311266 -0.524091 0.400843 -0.114082
2898 -0.0185322 -0.144419 0.0309848 -0.523079 0.408878 -0.115807
2900 -0.0191767 -0.143909 0.0308409 -0.522023 0.416955 -0.117539
2902 -0.0198199 -0.14339 0.0306949 -0.52092 0.425077 -0.119279
2904 -0.0204617 -0.142861 0.0305467 -0.519771 0.433244 -0.121026
2906 -0.0211021 -0.142321 0.0303963 -0.518574 0.441456 -0.122781
2908 -0.021741 -0.141772 0.0302438 -0.517329 0.449716 -0.124544
2910 -0.0223783 -0.141212 0.0300891 -0.516033 0.458023 -0.126315
2912 -0.0230139 -0.140642 0.0299322 -0.514688 0.46638 -0.128095
2914 -0.0236479 -0.140061 0.0297731 -0.51329 0.474786 -0.129883
2916 -0.0242801 -0.139471 0.0296118 -0.51184 0.483243 -0.131679
2918 -0.0249105 -0.138869 0.0294483 -0.510336 0.491752 -0.133485
2920 -0.025539 -0.138258 0.0292825 -0.508777 0.500315 -0.135299
2922 -0.0261655 -0.137635 0.0291145 -0.507162 0.508932 -0.137123
2924 -0.0267901 -0.137002 0.0289442 -0.50549 0.517604 -0.138957
2926 -0.0274125 -0.136358 0.0287717 -0.503759 0.526333 -0.1408
2928 -0.0280327 -0.135704 0.0285969 -0.501969 0.53512 -0.142653
2930 -0.0286507 -0.135038 0.0284198 -0.500116 0.543966 -0.144516
2932 -0.0292664 -0.134362 0.0282404 -0.498202 0.552873 -0.146389
2934 -0.0298797 -0.133674 0.0280587 -0.496223 0.561841 -0.148272
2936 -0.0304905 -0.132976 0.0278746 -0.494178 0.570873 -0.150167
2938 -0.0310987 -0.132266 0.0276882 -0.492066 0.579968 -0.152072
2940 -0.0317043 -0.131545 0.0274995 -0.489884 0.58913 -0.153989
2942 -0.0323071 -0.130813 0.0273084 -0.487633 0.59836 -0.155917
